customer_id,merchant_id,email_hash,phone_hash,is_abuse_ring,ring_id
ce7516ad-de1d-4590-a6c6-c0a5692533e1,61b65438-9271-42d4-9bcd-586c8aa58357,80a52d1c22a73a4c,5180f4eb7a2988a7,False,-1
39df4d5d-951a-4b04-8937-28939a69ad6a,4a34c787-bdd6-442f-978b-590a62b557f2,9059b3e130186227,26f2a3f2351a91cd,False,-1
c9168f42-04af-4cf1-95c2-c5d9d6946a3a,675140ee-0253-4429-873d-17ab90b6837f,1f77680cbd138900,a2a1b8c490f93880,False,-1
d0e2878e-0311-4c40-9e31-cdbe0e2f6677,28870073-fe65-44b5-b52a-6493dc0016fd,4411adb7733b6527,7584ab60a3a07268,False,-1
eff03d3d-74d2-4b91-b666-e9f63c69c698,5a65738f-e1b8-43f7-8dea-0fcf02106715,fe6e692d0d2e006d,63b3cce7f014aae2,False,-1
08e153aa-9e88-4b0e-9c36-8c399b0b449d,a0ed6ea0-9ca3-476e-9643-a23fb566d537,d64c28e773dd2d4f,a721cec7c4b812be,False,-1
bbfb68c8-3993-4051-9eb8-39bda00d18b6,44959ef3-b42f-4e6b-afd5-7a0a81317b14,e196c35bca763745,d234097be62d1f09,False,-1
bd60c4cd-f9bd-433d-97c4-610a4aa4d4c3,96d20b35-2b7d-4e89-bcbf-27c84aa35780,e43170fc0be902e0,d15696f3371deff5,False,-1
92f22515-7a69-48b7-aff6-5e9af60b2da6,96d20b35-2b7d-4e89-bcbf-27c84aa35780,a3ec5c7660a43e13,b4a7b56526380455,False,-1
6cbaa576-d8c2-4c4c-a7eb-afc560c25aef,44959ef3-b42f-4e6b-afd5-7a0a81317b14,a179401b462d23c7,623e78eacd691ecd,False,-1
447c4eaf-716e-45b4-a617-fc6a1135996c,61b65438-9271-42d4-9bcd-586c8aa58357,197ac1d984fae62c,7b7dcb1cf845baf7,False,-1
6e54931e-ac3b-49dd-bd86-6c3a1ce758c3,61b65438-9271-42d4-9bcd-586c8aa58357,fdf2887365a3c6f2,03c6dca2dfc6b041,False,-1
c89f3ce3-9f69-4b51-88c3-ea763ef25cac,28870073-fe65-44b5-b52a-6493dc0016fd,29283fea154838f3,e21c5518a0a4a85c,False,-1
8d7d462f-64ea-4f93-9c1f-360232f77745,61b65438-9271-42d4-9bcd-586c8aa58357,26e0abf433cda59b,999ab46bb20e7cd9,False,-1
e19a9f87-6e1b-4258-a350-2e672026144f,96d20b35-2b7d-4e89-bcbf-27c84aa35780,4f407ef31c1578ac,5dccf31f18dc18ed,False,-1
dc773454-4414-46e9-9244-6a409ffc4f06,4a34c787-bdd6-442f-978b-590a62b557f2,5e32fffe3241d581,130e1b741f371ba3,False,-1
a99a7ab0-216d-469e-81a9-ea9b1870db55,4a34c787-bdd6-442f-978b-590a62b557f2,0984fce75b09f408,66b580f5a7a11295,False,-1
9c103420-6023-4e85-a55b-85d478f9f1b2,a0ed6ea0-9ca3-476e-9643-a23fb566d537,93e81221b02a23b7,50df34ab46924e5c,False,-1
c4652706-5a5a-461b-bb00-2d46665c3a44,4a34c787-bdd6-442f-978b-590a62b557f2,73f72be0e8436267,f474fda224689aeb,False,-1
a6e54a3b-751a-43c9-8a45-f6352a89e387,675140ee-0253-4429-873d-17ab90b6837f,26f772741a19aac9,4388d691f2ee3d39,False,-1
cbe829d9-4711-456e-8653-e0c873aa340d,5a65738f-e1b8-43f7-8dea-0fcf02106715,a8988981f34c968f,7e42ebe24993af8a,False,-1
083a381f-635d-4af0-9053-a0039d7f81b2,96d20b35-2b7d-4e89-bcbf-27c84aa35780,bcbabf7c3f3ff49a,2f00c62fc5f8d432,False,-1
4349c778-2f06-4bdd-a6f3-87a6cbda7739,4a34c787-bdd6-442f-978b-590a62b557f2,5744f38428ef72ef,04cc249bb83d93b7,False,-1
c3824601-0909-4439-9a0c-66b5f90f7fcf,61b65438-9271-42d4-9bcd-586c8aa58357,c7f699c97d693782,2b653fe54d232838,False,-1
0253f732-b00e-4bf4-bfca-fda78bf3f1b6,61b65438-9271-42d4-9bcd-586c8aa58357,d4830c3e29c7c99e,e7c723e5166b478d,False,-1
b1b5611b-836f-4c75-add3-40f96b8e4fa4,04795039-6bb2-4022-92c4-4eaceb902ec0,89b345ff3eda6216,da5565ab42975297,False,-1
badb9def-4fc6-4aed-9314-78e697989976,96d20b35-2b7d-4e89-bcbf-27c84aa35780,37f84a6a1d464565,eaf8bfbaace034f1,True,6
7ec8e2a4-9428-48bc-b97a-84276ae2668a,a0ed6ea0-9ca3-476e-9643-a23fb566d537,5abad1fe516df447,b0321c46081342ba,False,-1
98b7160a-368f-47d8-815a-21260e700b04,675140ee-0253-4429-873d-17ab90b6837f,a91cb0fce6101f65,15340c9de8289091,False,-1
e9ad8e46-a694-44d4-90b9-7eda1090d6a9,675140ee-0253-4429-873d-17ab90b6837f,a807937bc4411d65,2d0bb80726402caa,False,-1
5358be69-cefc-4011-beff-279c05be14b9,5a65738f-e1b8-43f7-8dea-0fcf02106715,adebcc4760b0b2b7,fed30ce8b30ff4a4,False,-1
d0c12184-09de-46aa-b3b9-6f422b88c7d9,a0ed6ea0-9ca3-476e-9643-a23fb566d537,9d533d0cd8972b3f,fcf13ed6a1369c8f,True,1
87a80f10-1c3e-4664-ac42-b1080b2d9bd6,4a34c787-bdd6-442f-978b-590a62b557f2,83ad727c2f83ac2e,0bf7157102d3dc5f,False,-1
0f25dc95-5581-4278-bde8-82c01b4ce44d,5a65738f-e1b8-43f7-8dea-0fcf02106715,da81a4ac68190219,69a673dcd6d7c143,False,-1
5fa5c708-178e-482e-94db-b8edcd746686,04795039-6bb2-4022-92c4-4eaceb902ec0,cd1f7e3a29d0b280,96f37212a812ee84,False,-1
582200b9-1238-4a12-a25c-cc087db2bc2c,675140ee-0253-4429-873d-17ab90b6837f,c53c0ab6120d2088,6cdce2f61632fbda,False,-1
fcc06564-3176-4862-9d3d-611592548219,563e43fa-b8bc-45dc-8d60-a4c2093ddff5,e9ba69ceb66a4af6,5ab42093cedee20d,False,-1
445135b0-e409-4ab7-944d-afe81a4bd7fd,61b65438-9271-42d4-9bcd-586c8aa58357,e47e0228bf964d2d,a6eeaa86542fa490,False,-1
d5fbf01b-5920-445e-964c-1c463b0bff1a,a0ed6ea0-9ca3-476e-9643-a23fb566d537,b379723c87038d3a,438258feeda2078b,False,-1
18ca3dd4-cc19-48df-b55a-2cc30e514e75,675140ee-0253-4429-873d-17ab90b6837f,06b13503b0f870bd,34c96e50dfaf8ee3,False,-1
ccee1d0f-dd70-4d4c-9912-abf9951f4b7e,4a34c787-bdd6-442f-978b-590a62b557f2,ef2792b78b328764,c3e2723407ec64ae,False,-1
48ad8d64-6392-4ff0-8b6c-6aa9e15fd019,44959ef3-b42f-4e6b-afd5-7a0a81317b14,e5821b5f5d7e34b5,c79ddaac4a6fd2f0,False,-1
652f3c87-99c5-4740-bac3-d1ec8c3c6057,a0ed6ea0-9ca3-476e-9643-a23fb566d537,369fc6d465c852b0,3db9a872b0a44fbf,False,-1
dfb44637-7984-489b-b890-ed031ed1e999,4a34c787-bdd6-442f-978b-590a62b557f2,cb9a796db1ec64de,9229ac91fd573d3d,False,-1
c5b7618f-21f9-4804-bf85-091dfd19cc41,4a34c787-bdd6-442f-978b-590a62b557f2,80322c3df81af6bb,a0bd0a210245fc4c,False,-1
edff8f08-3e11-497d-a4d9-c9c8c44711e9,44959ef3-b42f-4e6b-afd5-7a0a81317b14,6f4e481ce25f9e3f,fe7a439d4e883120,False,-1
1564820c-0677-458c-99b8-873fcad55df9,5a65738f-e1b8-43f7-8dea-0fcf02106715,7bc2b8183fb9004c,b0d484b6769b109e,False,-1
7bd26680-ab4f-4d68-bda0-c06ed9012457,04795039-6bb2-4022-92c4-4eaceb902ec0,f5f99c163e65aa9f,b794755a47e3aadd,False,-1
41e0a09f-7ebb-456b-b5d8-147d0b6a2de7,44959ef3-b42f-4e6b-afd5-7a0a81317b14,0291ae579eaa6683,962fb4e375c63119,False,-1
3e84e505-487a-4164-9699-3afc3aca4a0c,5a65738f-e1b8-43f7-8dea-0fcf02106715,21fb31298e71428e,a2682e1796456f52,False,-1
a9bdf81c-8dd8-41fc-ba43-a3bd7ad3a5a0,675140ee-0253-4429-873d-17ab90b6837f,6845164b0f58820c,f8741ab2b1608a66,False,-1
ace385a1-a678-42cc-a803-7fdb58c390a8,a0ed6ea0-9ca3-476e-9643-a23fb566d537,3525f2590298bb8e,98d652a120e007f4,False,-1
f6b2cb6a-51e5-4d70-a5da-6d81b74ae6b6,a0ed6ea0-9ca3-476e-9643-a23fb566d537,feba2f06416c1faa,c53cc24b5663c03f,False,-1
0de4baed-7e70-4b9c-bddc-9a2762d627a5,61b65438-9271-42d4-9bcd-586c8aa58357,51d3025db68cc458,565e54dcd409d966,True,6
7cfcd0fd-2b9f-4eae-84ab-f95b05c753b6,44959ef3-b42f-4e6b-afd5-7a0a81317b14,a496869cbc98b741,b379136849fc57c0,True,2
50c4a520-05ef-4139-9f7f-7c6aec8a0d1c,44959ef3-b42f-4e6b-afd5-7a0a81317b14,17920e0da73e6719,f7bc08fc4181da3a,False,-1
673a4dbf-710a-4869-a695-32af85d717a9,96d20b35-2b7d-4e89-bcbf-27c84aa35780,fc3d19c82058c087,09be68d2cf7abcb5,False,-1
43a7dd4d-f1fa-4b35-aaee-612f8ce3b179,5a65738f-e1b8-43f7-8dea-0fcf02106715,060d7866b0c2fcd5,0b7bfd286e1d6e97,False,-1
65c8e938-4e79-4401-9262-699f961bdd45,a0ed6ea0-9ca3-476e-9643-a23fb566d537,17fc50476c78b898,0d094996c036122b,False,-1
ef531d0e-c39d-45d0-9533-60c07e7e8e6e,4a34c787-bdd6-442f-978b-590a62b557f2,71272162432eccf0,c7c603bb70147618,False,-1
d85a8499-d6dc-45c1-803d-b35596ef4523,5a65738f-e1b8-43f7-8dea-0fcf02106715,5a39cb21d6c00d59,8231ce732d7247c1,False,-1
727c26e5-70bb-4a72-aa70-a99ec8017f0c,5a65738f-e1b8-43f7-8dea-0fcf02106715,0bb1f64efe816506,491ddc23dbdb32b4,False,-1
6ad05007-209a-4969-877d-a81db6fc9904,96d20b35-2b7d-4e89-bcbf-27c84aa35780,71606b7c290cb0a8,ef9772cfe68fb97b,False,-1
059ff583-4838-400c-a254-48add9966ee6,96d20b35-2b7d-4e89-bcbf-27c84aa35780,585fc0e4c8342cfa,5a27e0f348e2024a,False,-1
bb2fd62d-6ab3-4ae9-b92f-e90370ac3f1d,28870073-fe65-44b5-b52a-6493dc0016fd,674b19781c8d2e71,7c1d8e5b564a89cb,False,-1
427a2f0d-e790-4e87-9fa3-6abc2abc9f3a,28870073-fe65-44b5-b52a-6493dc0016fd,f5178f21509d6202,f806598febfe9742,False,-1
70c871d4-bead-4a23-8a5a-00c3ccf9d4ab,96d20b35-2b7d-4e89-bcbf-27c84aa35780,0b907d1b48b7f764,a588a549d38c02ab,False,-1
a19874f0-3f14-45ca-8a8b-ec69a56f7944,4a34c787-bdd6-442f-978b-590a62b557f2,cae3a4a67d705506,42b2f1fc42afb517,False,-1
2f33385e-51a6-42a8-9942-4d42b64df60d,5a65738f-e1b8-43f7-8dea-0fcf02106715,2b4bc0eda3b3a6f3,6b83a61b13787c3d,False,-1
d663737c-8b03-4894-8eeb-6b9781633343,96d20b35-2b7d-4e89-bcbf-27c84aa35780,48b299a9b2c4e7be,2e64c28823de5c94,False,-1
ed253569-b9ac-484d-a43b-848bff91068c,a0ed6ea0-9ca3-476e-9643-a23fb566d537,55bda93c0ada5462,7e82a95fea1af7da,False,-1
5de02512-16cd-47f0-8ffa-981525abf069,5a65738f-e1b8-43f7-8dea-0fcf02106715,2f905ea2a39c98a0,cb1c7f89bf4f699a,False,-1
da755eee-25d0-4c84-bf2b-e8b7015c6be5,563e43fa-b8bc-45dc-8d60-a4c2093ddff5,6f5ef0cab5ddc2e2,33bea9b3ea91cd74,False,-1
a95842cf-7984-413e-b2a0-af04a8d57d57,04795039-6bb2-4022-92c4-4eaceb902ec0,f4282b5617c3599c,a6ed0d405cca6048,False,-1
e0fa5686-e017-4b25-8c22-d3d7ae9a9178,61b65438-9271-42d4-9bcd-586c8aa58357,e32bd669d93f272f,1e2a9b26a160794d,False,-1
f84390ed-ff5f-4717-9523-6d8a474ec453,a0ed6ea0-9ca3-476e-9643-a23fb566d537,70b1af430dabc9d8,a855816aa8380423,False,-1
5d0fcea0-d230-43a2-8b12-cced5489c78d,04795039-6bb2-4022-92c4-4eaceb902ec0,a30712af9a5314a4,cff46eca1f5687df,False,-1
fe6b180c-9bc0-4e15-bf67-2189e71988c8,44959ef3-b42f-4e6b-afd5-7a0a81317b14,92a84090b4831e7d,dab4a5f75dcc84fc,False,-1
a6ab952c-3f49-4387-9ff5-6885ea4ca141,563e43fa-b8bc-45dc-8d60-a4c2093ddff5,a82d819429d0fcdd,c468828e70f6a53a,False,-1
9e7b68e6-8b93-4a10-92f2-4c8db028fad2,44959ef3-b42f-4e6b-afd5-7a0a81317b14,a5a4436ba733b884,5e34d8c29777c47b,False,-1
89de8ee5-c374-498d-ae3a-2b306b95b8ee,96d20b35-2b7d-4e89-bcbf-27c84aa35780,9f07218c189a0c5b,c4ebc5d2858592b0,False,-1
6bb5e987-17af-4dd0-b4ea-3bbf31dcc9c8,5a65738f-e1b8-43f7-8dea-0fcf02106715,2ce2e75914b37bc9,011d6ae58f158079,False,-1
776429db-cc9b-47e1-a21b-5c7d4d18ffde,4a34c787-bdd6-442f-978b-590a62b557f2,e57f216fce25c9b2,9bf653efd03287ce,False,-1
08940439-ae74-4798-9416-ba788f1d3291,61b65438-9271-42d4-9bcd-586c8aa58357,3ea37f61c76744d0,7589399feba8f1d3,False,-1
343a27c4-dad3-4392-a4c0-559d30d7a198,5a65738f-e1b8-43f7-8dea-0fcf02106715,0df85fb55eb67e24,06ea97cddb7216f7,False,-1
4447ec16-3758-4c5e-8b6e-7c6993fbeb60,563e43fa-b8bc-45dc-8d60-a4c2093ddff5,22aec05ae36176b7,8fb5980efa6ce3a5,False,-1
bd42dd79-8d95-4662-8045-45864dd4f903,28870073-fe65-44b5-b52a-6493dc0016fd,72d19714d426f47c,cc4deb8ae21c360d,False,-1
4c9ae5f8-e8e7-467b-83a4-07cbe0adbd0f,04795039-6bb2-4022-92c4-4eaceb902ec0,d11064f9ecf91b0b,d9062cbe0f22658f,False,-1
44dbddb5-c991-4b61-baa6-91b6f1b821e5,4a34c787-bdd6-442f-978b-590a62b557f2,cb23e42555872339,9610cd4969bb5723,False,-1
8d42b0ee-ffaf-4296-91aa-a8cddf124556,563e43fa-b8bc-45dc-8d60-a4c2093ddff5,be626b4f0eabd0da,8315f0bbc106cf4d,False,-1
ff0d348b-1c36-4733-93bd-b019223eabf1,4a34c787-bdd6-442f-978b-590a62b557f2,7b63a5df1c71f6f6,f237ebbbb24cac5c,False,-1
ba7f6d48-dad9-490b-8d1d-ba2699dae204,96d20b35-2b7d-4e89-bcbf-27c84aa35780,640fac247315b7d7,65dc5887bee878fe,False,-1
2879bfc9-c798-407d-949c-99d1af2f390a,5a65738f-e1b8-43f7-8dea-0fcf02106715,e91c04355b10d186,19162093fa7fbd3f,True,5
6c2842fe-82ab-42a5-afd8-2a43262b435a,a0ed6ea0-9ca3-476e-9643-a23fb566d537,0b68562f87ba626c,25540b32eeb5c0f8,False,-1
4a3ef14a-d82b-48c0-becd-ddec5bf179a7,61b65438-9271-42d4-9bcd-586c8aa58357,42808af40d9031ea,3f1e1eb7e4ec5a5f,False,-1
74e48d3f-9ad1-44d1-a91f-1dee0cc36fec,44959ef3-b42f-4e6b-afd5-7a0a81317b14,901033e6c257cdd8,1a267f85de316630,False,-1
1e11ef04-92e1-4958-976b-4328f54055ff,4a34c787-bdd6-442f-978b-590a62b557f2,15a00f3a84698480,97ccfbd52d7405e5,False,-1
e02b5cbd-7931-4d20-abeb-48a72fecdb58,a0ed6ea0-9ca3-476e-9643-a23fb566d537,4df2858665d2ef23,a5c99996dc42eb8d,False,-1
dda75e24-cbae-4e67-bc55-3877d55c947c,04795039-6bb2-4022-92c4-4eaceb902ec0,c845bb9d3e6beabb,754290def5631f6f,False,-1
539bfdfb-6c58-4dd6-83cb-03e22f038d42,44959ef3-b42f-4e6b-afd5-7a0a81317b14,5aefe4e2a7c15e67,f639b3185fd64cba,False,-1
bee2df68-5e56-42e6-9ff6-086af301feb1,563e43fa-b8bc-45dc-8d60-a4c2093ddff5,a28d79704c77875c,43c77f5672bd1a6b,False,-1
ec34ca2b-8dda-426d-9fcb-dd6c0d363b7c,04795039-6bb2-4022-92c4-4eaceb902ec0,e4a955f6aad8c8c6,34a557c9d916f3ea,False,-1
e94d6c8a-9748-41b8-9c9a-debcca389294,61b65438-9271-42d4-9bcd-586c8aa58357,30d09b067e43c473,8efcc09758de89c6,False,-1
09d8d17a-5fe8-4c6f-85d4-ede347a64192,44959ef3-b42f-4e6b-afd5-7a0a81317b14,ed2e5220f4d9ad8d,4de55cd0814c07ce,False,-1
98b5b0ac-f9fe-47ab-a681-f4318767ce66,a0ed6ea0-9ca3-476e-9643-a23fb566d537,4ee276656e958a8f,5a5b58be1162e6ae,False,-1
7b9c3148-a39a-47df-b3bb-1d992e221b45,a0ed6ea0-9ca3-476e-9643-a23fb566d537,86533a2b9648c7b9,bb33f3c5671a79ec,False,-1
7529920f-89bc-44da-895b-1c871304cd97,a0ed6ea0-9ca3-476e-9643-a23fb566d537,e12b18adffcc3cd1,99c48c952cdd2166,False,-1
615e5f08-da12-4514-bd59-3d7e33be95cf,675140ee-0253-4429-873d-17ab90b6837f,545fb663ab36228e,9d64d944a8701790,False,-1
50628bbb-1921-411b-b1aa-52878246110f,61b65438-9271-42d4-9bcd-586c8aa58357,b378236f7e6e26cf,875f6d958431684c,False,-1
2d2e5cd2-5d38-47c0-a06a-017cf9c39311,61b65438-9271-42d4-9bcd-586c8aa58357,3973f1de7e07a7cb,19c3e6c75b3180a2,False,-1
8f3644fa-0ae6-4460-8421-583a295f93a6,5a65738f-e1b8-43f7-8dea-0fcf02106715,28d457833fa3688e,c13f0acf54103e4a,False,-1
b8f21500-5d5e-46cd-9115-fc9c4d0dc1e1,96d20b35-2b7d-4e89-bcbf-27c84aa35780,cc468f60a6322d88,4b092ebbb690ce97,False,-1
5cec0311-c0eb-4064-9e6d-e936fd89bbed,4a34c787-bdd6-442f-978b-590a62b557f2,c53111c213bbd8e6,3cd888d16d903a89,False,-1
728a78ec-39fe-4f0a-8840-6f13f61f4dec,04795039-6bb2-4022-92c4-4eaceb902ec0,53d2f229deb192b4,36a8b9751e020f76,False,-1
4d3f8a47-37cc-4e56-9cb4-543755120cdd,5a65738f-e1b8-43f7-8dea-0fcf02106715,87411b0a40f48ee3,0e53984bc7230a8c,False,-1
12716a64-210f-4a3e-97e5-d05b9d1194d6,04795039-6bb2-4022-92c4-4eaceb902ec0,447c09a4993c6893,d0a7389f0db3184f,False,-1
acdf2785-cc00-4932-bbc6-a78a83a7d60b,04795039-6bb2-4022-92c4-4eaceb902ec0,a34d1bf253aab601,85e25db313667d52,False,-1
de060551-63dc-462c-a6d5-91efb3862473,5a65738f-e1b8-43f7-8dea-0fcf02106715,54124fbd906c7151,3d97107c18ea48e2,False,-1
9ed091de-e177-4292-83a3-b21a129dd97c,4a34c787-bdd6-442f-978b-590a62b557f2,a9c8ecfd7cb4a8ab,c6642c538e970416,False,-1
0b375dc8-d147-4faf-bfb0-ca74dbba7d4b,04795039-6bb2-4022-92c4-4eaceb902ec0,5fa4c15ca1838793,ae6251897daf06f2,False,-1
be4bbb5d-3479-4114-844e-86a6eeb1dd55,61b65438-9271-42d4-9bcd-586c8aa58357,0889684e9601ff39,f13bb64e8f13f7b6,True,5
08511d6c-da7e-4e5d-9868-72d7b645dfff,04795039-6bb2-4022-92c4-4eaceb902ec0,fece23c1a72dda05,f666e4d7ab5fcfe1,False,-1
968ffab1-c497-478b-9246-02dc7a010df4,28870073-fe65-44b5-b52a-6493dc0016fd,275141c2ceb775e4,daee5ea3b7aec244,False,-1
4418ee19-b5ab-4fa4-9e8c-f93f12e5be73,61b65438-9271-42d4-9bcd-586c8aa58357,6d891a9d6c4baf98,2f8a2f8b335db2fe,False,-1
a595ab3a-2d82-47b6-ad55-3c3e5137f59b,44959ef3-b42f-4e6b-afd5-7a0a81317b14,bbfb8c58ca11d24f,515a17e7c67ecc9f,False,-1
64a3bc54-1b80-4cd2-88a7-2e5d34e99583,44959ef3-b42f-4e6b-afd5-7a0a81317b14,254ac8b8e80d3e0c,88fb5d9346eb1f61,False,-1
d8a5184e-11d2-4005-90fb-dc01e7195898,4a34c787-bdd6-442f-978b-590a62b557f2,a974a79fa4883390,c539b579a961a139,False,-1
3a1051ce-4077-4b7e-b56f-431b87342372,675140ee-0253-4429-873d-17ab90b6837f,0fa6543ead19c2f3,298c347fad7e7e87,False,-1
44d11b00-6d51-45ac-959c-d6c18cb19300,a0ed6ea0-9ca3-476e-9643-a23fb566d537,67ea91e29aafee7c,3d2b5647c2b62799,False,-1
379ef3b5-ae9d-441e-bf93-489713ae2933,61b65438-9271-42d4-9bcd-586c8aa58357,68f3c22af8fb4960,a7347fa56664ef1d,False,-1
b988b688-c3f8-4a8a-9c3e-931f9f18e1e1,28870073-fe65-44b5-b52a-6493dc0016fd,8b75f1bcf0d5ba5d,e8fdb43e9f98b4ad,False,-1
c0fc319d-905f-4dd1-9fce-66b68d26e33a,61b65438-9271-42d4-9bcd-586c8aa58357,bb172966f76631a0,ffae169cc1bd565e,False,-1
8408293d-5f8c-490b-9488-b08793cfd2b9,44959ef3-b42f-4e6b-afd5-7a0a81317b14,c1fadf848a3549d3,6f44e7248d2ae39c,False,-1
5e7a2363-35ec-46b1-a884-b1e545489ac4,675140ee-0253-4429-873d-17ab90b6837f,c6201b1ab218d8e5,8c1dff16f393e35a,False,-1
9c0e0f31-c449-403f-867d-0ca97f6c6bec,563e43fa-b8bc-45dc-8d60-a4c2093ddff5,377d588fa481f535,9fb2ecd2b7b5bf03,False,-1
c0d94623-8d65-4cee-a1f6-3592a124f6e0,44959ef3-b42f-4e6b-afd5-7a0a81317b14,779e43362c8fbde5,2ad4dd90b8640e19,False,-1
124e1d19-17fa-4b6f-a7a6-9643039fcb45,563e43fa-b8bc-45dc-8d60-a4c2093ddff5,18d5b33e254b4e68,917a3d66537570f5,False,-1
e247d959-741a-4438-9cc4-d91e50232fdd,a0ed6ea0-9ca3-476e-9643-a23fb566d537,d680fbc26abceff2,2e47e36ad73b659f,False,-1
79768be1-700a-492b-affc-de91071a9a6a,5a65738f-e1b8-43f7-8dea-0fcf02106715,dba344d3dc516dbe,6e36911c682decf7,False,-1
5c624807-096c-47b2-90d6-425ed34e89d4,04795039-6bb2-4022-92c4-4eaceb902ec0,f985f3cac287f025,46747619de2f3a52,False,-1
4e9f6b13-0ee8-47b5-b5a7-27575fb8cb6d,675140ee-0253-4429-873d-17ab90b6837f,ea7e76cbd3e60da4,41e4417789944128,False,-1
eb5f48a8-59b6-4032-9c80-0ad4f43888f8,5a65738f-e1b8-43f7-8dea-0fcf02106715,ee08f38a91485631,bb67f1c542963af1,False,-1
8bc4983b-678b-4f96-847a-6ca34e43f049,4a34c787-bdd6-442f-978b-590a62b557f2,fb36db77d1e24647,370b717445386686,False,-1
cb436c1a-3d33-4ed5-a75c-17d02889bbeb,61b65438-9271-42d4-9bcd-586c8aa58357,b5587c639fdc884d,55d4db4c316e8e9c,False,-1
cfabff6d-aa53-48d0-81e5-646d37eca683,28870073-fe65-44b5-b52a-6493dc0016fd,c522834051bb71c5,84233e54bd393213,False,-1
22d9ebc3-6bc0-4fcb-9501-6667fddf8b64,563e43fa-b8bc-45dc-8d60-a4c2093ddff5,1bcfc78fab7db051,b0b48895e989ae60,False,-1
ba0e9809-0f7f-4e15-894d-1d4cafcfd91e,96d20b35-2b7d-4e89-bcbf-27c84aa35780,1a96d1eeb1c55e35,7c3e16939902a49b,False,-1
66b76dbd-755b-4ff1-b752-1874c4ba47ae,a0ed6ea0-9ca3-476e-9643-a23fb566d537,c9098cd2b5e5d1d9,acbfb691f6e59481,False,-1
00d2f624-6f67-4fa9-9a14-e78b88856759,563e43fa-b8bc-45dc-8d60-a4c2093ddff5,9e1cd4f2a1d8dc79,dfd3b9b3be505b63,False,-1
06b6e0b4-dea4-4276-ab1c-0dba5453cd32,44959ef3-b42f-4e6b-afd5-7a0a81317b14,f9bcce5399fb1f61,202da15bf27e0487,False,-1
30517e67-fb4e-459f-bbfd-395c7c446b60,5a65738f-e1b8-43f7-8dea-0fcf02106715,51707e6bed683013,6cc8e5fd87351b4c,False,-1
fb020b5d-471f-4b69-8957-6b5fc0e51c7b,44959ef3-b42f-4e6b-afd5-7a0a81317b14,091de30c11db23e5,1897e393295832cc,True,4
d1d4c556-01d6-4a64-ade8-3613b3ce5d08,61b65438-9271-42d4-9bcd-586c8aa58357,14970dfeccd0a0e9,c059ec8be9c8112a,False,-1
d3cc99d6-d2fc-443f-a3b7-b4f18d03abfc,28870073-fe65-44b5-b52a-6493dc0016fd,b80b3b55b77e4a9b,075b9b8ca372feaf,False,-1
f84ad722-cb9b-4118-8358-e3b5744441fd,96d20b35-2b7d-4e89-bcbf-27c84aa35780,1932ba3b4f8c2b22,aeb1b0ec2eb38e7a,False,-1
56a5e0fa-9652-4850-ac09-975a2aa3cc3d,675140ee-0253-4429-873d-17ab90b6837f,05ba455875c51dca,292f9417cd50807b,False,-1
a20ef1da-d079-47a3-871f-d055783a3d74,61b65438-9271-42d4-9bcd-586c8aa58357,cddd635fd14ad85d,9154ac146c63fe20,False,-1
2b9946ea-deb9-4431-b740-fdada6a9b575,4a34c787-bdd6-442f-978b-590a62b557f2,05927c2fe491bc95,0b6a440bf90c361e,False,-1
e855a284-5fe6-45c9-b2dc-0833ae0b88ce,28870073-fe65-44b5-b52a-6493dc0016fd,d9f774af3f3bdd3a,c8c1e40817710abb,False,-1
fb1da245-b3cf-4a7e-b591-065202b30fbe,4a34c787-bdd6-442f-978b-590a62b557f2,a446765d68bfddc3,16c282e3d43ad6bf,False,-1
21d29a65-8a6c-44dc-a54b-9e0aa359cd87,563e43fa-b8bc-45dc-8d60-a4c2093ddff5,19e40a679b781b64,bc1b1daf3bb49cac,False,-1
28d8235a-a94b-4ff4-b6c9-2a679f0aa078,5a65738f-e1b8-43f7-8dea-0fcf02106715,14516e115c0a7c05,65adb5d80e8e0725,False,-1
d9a21813-0875-412e-8030-213507f7a5a0,4a34c787-bdd6-442f-978b-590a62b557f2,acd7f66f5512e637,a7ab29143ef7706f,False,-1
25b7c3ed-0b4e-4d08-8a7e-6186c8961861,04795039-6bb2-4022-92c4-4eaceb902ec0,62e16bf8a26ca7a4,20a3bb6756a34d51,False,-1
c4280bf2-6bd9-4562-a4a7-1d3657db594e,563e43fa-b8bc-45dc-8d60-a4c2093ddff5,f463288d1bdb9e7a,a097f1d5805cea21,False,-1
72765840-23f6-4ee7-be20-832cab46d39f,5a65738f-e1b8-43f7-8dea-0fcf02106715,428e72bdf2c7f9c0,4e49a3a7f1f40120,False,-1
c4dae6ee-8d6d-463a-9051-50c2e3ddc320,61b65438-9271-42d4-9bcd-586c8aa58357,3560b990731d31a4,9f74c635a94a374b,False,-1
1d2170f5-9e84-4cde-b51b-a01c31d3f35c,675140ee-0253-4429-873d-17ab90b6837f,930f6b0c708ab95a,4bf57d90dfa679b6,False,-1
8bca5739-8d58-4247-88fa-7a1baf568b35,44959ef3-b42f-4e6b-afd5-7a0a81317b14,b4fa7de5e0000f4e,4da82c85411dd650,False,-1
7f7bb3ca-dd51-4da0-9514-ccc7681309ff,563e43fa-b8bc-45dc-8d60-a4c2093ddff5,b13d68e6291479bd,0beb6b81bc84249c,False,-1
31292e0a-d743-47a3-950b-2da17604036e,4a34c787-bdd6-442f-978b-590a62b557f2,f0d674fa13108230,0515be2f43ade0e6,False,-1
e129e131-f460-459f-bff5-6481813e3006,a0ed6ea0-9ca3-476e-9643-a23fb566d537,4b2905fd71b70a38,8a366f820a8e64e5,False,-1
27a3d244-f6d2-4a49-a9f4-8e6f39c1094c,44959ef3-b42f-4e6b-afd5-7a0a81317b14,a06dd54f7dfc9ceb,42cabd44ed21e65b,False,-1
47f10986-bab8-42e2-9b7a-e1b35c564e78,44959ef3-b42f-4e6b-afd5-7a0a81317b14,8db92ef4863be566,be9284d157d0ba65,False,-1
2c20a7eb-e3b3-4010-bc4a-7363e956a8ac,04795039-6bb2-4022-92c4-4eaceb902ec0,8306694c0a97368f,ebafa889c19b9de7,False,-1
70f1abb6-1606-4d77-9074-7fdc3798cbb8,96d20b35-2b7d-4e89-bcbf-27c84aa35780,68877c4f3514ae02,ebfa7b68d50fb6f8,False,-1
7e092d51-c88e-40ba-8ca7-477d9dfef224,96d20b35-2b7d-4e89-bcbf-27c84aa35780,24e2aa079bbe5c65,79fc94bf9f8b61a0,True,2
518ffafb-eaaa-4c2f-8f49-a3145d9b1f7f,a0ed6ea0-9ca3-476e-9643-a23fb566d537,a16dc068f030b752,5aa26f46d8a9eddd,False,-1
ce7869f5-8631-407e-97a1-3fc07411eb2a,61b65438-9271-42d4-9bcd-586c8aa58357,f29672459bedcece,82da328d767511cc,False,-1
aa1dd56b-fedc-40b5-bcf1-9ef7f0d98501,675140ee-0253-4429-873d-17ab90b6837f,edb1b348ef746d9a,0264fc606a3968db,False,-1
5b495387-95cb-43b8-a622-63bf6a39b826,a0ed6ea0-9ca3-476e-9643-a23fb566d537,990aaddd50d0950d,8e1ff265695d0c1a,False,-1
9b9d212a-3a18-411a-9628-37e48928fc1c,563e43fa-b8bc-45dc-8d60-a4c2093ddff5,fefdeeb293750d88,20d41acc5099c7fe,False,-1
b83718f9-8a50-4cfe-946a-1819d27e5e7f,675140ee-0253-4429-873d-17ab90b6837f,9f59deb3e18cc7d7,70e1d4e4c2dc8317,False,-1
6acba153-7380-4b9b-8ac4-826ae2c37d46,61b65438-9271-42d4-9bcd-586c8aa58357,e2789613f4aa2118,fb4dafa056421e2b,False,-1
1048ce5d-b496-4f5b-afff-e513d1af04b6,28870073-fe65-44b5-b52a-6493dc0016fd,9aa1cbe68701df3d,10864c27b9113d72,False,-1
a959fc53-969f-40b3-8fde-7c324816b2f8,563e43fa-b8bc-45dc-8d60-a4c2093ddff5,8323e6b4e6d8fdd9,0bb2a6746b3fb7fa,False,-1
274e2d8b-2ed2-4b8c-a833-d761055df34b,28870073-fe65-44b5-b52a-6493dc0016fd,03f8eba87856cdce,ee20a49cddc04fbf,False,-1
5b2ec74f-3e0d-4ca1-93d9-77d164aff9d7,44959ef3-b42f-4e6b-afd5-7a0a81317b14,2543b4fc10ddbc26,b4d988b8f4c64b99,False,-1
a28723b3-6ceb-4fd4-aac6-0c1851903aab,28870073-fe65-44b5-b52a-6493dc0016fd,bbc946698bd9240f,75eb6717f43ab482,False,-1
c32be7f4-b621-4e22-bedd-7aaf9d3c74f2,a0ed6ea0-9ca3-476e-9643-a23fb566d537,bd5bad86b0deadda,dbd103491955e133,False,-1
ea6016bf-12d0-4ed1-90f5-ec604b5ae893,5a65738f-e1b8-43f7-8dea-0fcf02106715,b49ad42379950398,f951e6ea01578eb9,False,-1
18c841d8-61f0-4da1-83b8-c5ac8c0ea50f,61b65438-9271-42d4-9bcd-586c8aa58357,b6f5892f28ecd02f,5f5a56fb4b434dc3,False,-1
2dd05bb3-efda-42b9-b2f0-2d5bc12619f5,44959ef3-b42f-4e6b-afd5-7a0a81317b14,c8bf5abb694f7dd6,36d8816ac006926c,False,-1
68209ca5-c6d6-419d-a907-ebfa4aac0155,675140ee-0253-4429-873d-17ab90b6837f,335eefcf818f1cc4,418644f75a3e58bb,False,-1
b813afad-3d70-49bb-9e22-1d219f1b0e61,563e43fa-b8bc-45dc-8d60-a4c2093ddff5,7cd04a5757705c2c,ee3afad7ea34afa1,False,-1
0f78502e-184b-408f-af31-95a39ac0e9e9,563e43fa-b8bc-45dc-8d60-a4c2093ddff5,70bfa73988df42df,c60225ebc5aa385c,False,-1
b3c8212e-ff22-4fc7-8b70-878786381eea,675140ee-0253-4429-873d-17ab90b6837f,dcdc56b8c150ae91,c8e0860b36d42694,False,-1
52b31fca-4edb-444c-a0ad-e2691a2c256b,675140ee-0253-4429-873d-17ab90b6837f,01cc4082baef3169,671b3af241c13a3a,False,-1
4653c952-36de-47b8-b0e8-d1c95482065e,a0ed6ea0-9ca3-476e-9643-a23fb566d537,176783b6951e2501,1f751b116f36701e,False,-1
7c946761-cc0c-454a-a621-2eff46517dba,28870073-fe65-44b5-b52a-6493dc0016fd,eb6c93e151678f32,2a9ead75809c1441,False,-1
d5bbfb48-344f-4127-aa2c-208f383e55ed,96d20b35-2b7d-4e89-bcbf-27c84aa35780,59326e0e03600d65,248a27841b541369,False,-1
0fb32ee1-1506-440b-a111-61a2c23b8d92,44959ef3-b42f-4e6b-afd5-7a0a81317b14,1e0437409118ebd4,a9d3645892c93dbc,False,-1
1c5192b8-fc9d-49e4-81d9-34a01f0c3156,28870073-fe65-44b5-b52a-6493dc0016fd,f83758e54333b04e,2cfd19389d7c56e7,False,-1
3d692684-41d0-4d8b-87bd-d10804d5f1ec,28870073-fe65-44b5-b52a-6493dc0016fd,b549c651e830249e,4ad823c492378bf2,False,-1
5766e817-5eca-49d7-a5e4-47e4f3c03ea8,96d20b35-2b7d-4e89-bcbf-27c84aa35780,e7afa810f84ed964,d1d7b1c7c5192ce0,False,-1
c147bbb8-6ff1-4b24-a789-6b76e154346f,04795039-6bb2-4022-92c4-4eaceb902ec0,25c5282f49bb9043,2bb93114019a7e00,False,-1
6dd20194-d45b-4a79-8835-55f6dd05d4c9,4a34c787-bdd6-442f-978b-590a62b557f2,646fe2e3dafda176,eb1b4d8b7364b20f,False,-1
7c818670-f11a-489d-b916-d6cea520af6c,28870073-fe65-44b5-b52a-6493dc0016fd,c377eef187b07d49,6d6d5d46357f9905,False,-1
67fc1254-b9d8-4c2a-b6a0-073bae7f2040,44959ef3-b42f-4e6b-afd5-7a0a81317b14,5ef86b2427b27098,71a1fe26f2ee72fa,False,-1
30d52a1e-9308-47c0-94d7-2a4b33aa1ffd,61b65438-9271-42d4-9bcd-586c8aa58357,3562ac822699dcef,db5362b46d4ab745,False,-1
149d7c77-ec09-4b21-ae83-2fed21f19438,4a34c787-bdd6-442f-978b-590a62b557f2,9d0f2e6c9d3e6679,d7acf9e41ca51e20,False,-1
bbdf7f19-4f59-41e2-a270-0ebf83127144,a0ed6ea0-9ca3-476e-9643-a23fb566d537,4496e5dedfcba4e0,af27975a9b6892d5,False,-1
95a28688-9983-413a-ab38-953949168347,28870073-fe65-44b5-b52a-6493dc0016fd,a2446edcdab97454,3d12d52e95dbd5b7,False,-1
2e725d75-b78d-45b9-bf41-626491958fd1,28870073-fe65-44b5-b52a-6493dc0016fd,70af4f2214600f4e,e45e3911863cc887,False,-1
0335e9e2-dee1-4cb0-bdaa-ee3dd8d4f0df,61b65438-9271-42d4-9bcd-586c8aa58357,88f252d1665747d0,ef1ac3ecefb79b4a,False,-1
ca088d66-2d83-47df-b99f-889c59a1d886,4a34c787-bdd6-442f-978b-590a62b557f2,dc642c2c339523c6,7dfba2cd9345f836,False,-1
d0164830-2435-4d2b-87f5-6292d1ba2acd,61b65438-9271-42d4-9bcd-586c8aa58357,87fdd58a9d302bd8,870e9ce1ce1777f7,False,-1
7b23e84f-3858-4f60-a293-1e32ddfe2859,5a65738f-e1b8-43f7-8dea-0fcf02106715,b026aff3c70db478,aa5a0893acc83200,False,-1
1f32139b-7b84-489f-b448-d535c5116f94,28870073-fe65-44b5-b52a-6493dc0016fd,14718a2888011a6c,e7f559107bb4894f,False,-1
85e5e528-8ec1-4c45-816a-d8997ec8177a,5a65738f-e1b8-43f7-8dea-0fcf02106715,47431350288ae044,2917f5981353e3c5,False,-1
8b6323ad-c6c6-4481-9d75-93d795c1d6a8,96d20b35-2b7d-4e89-bcbf-27c84aa35780,8f9a9d86ff7746bc,ff01dc6815ad6ef7,False,-1
bf02394e-4f35-456b-9d50-5a06806dcb6a,675140ee-0253-4429-873d-17ab90b6837f,822dcb1058a003de,f294d0a0b5a47501,False,-1
d701ebbf-16ff-4bbd-b19f-f837583eeff0,96d20b35-2b7d-4e89-bcbf-27c84aa35780,bbb7632b2fff59bb,f88a5dd9b1393d2e,False,-1
f6b7f91c-c8c5-4943-bd78-6afe86eb6f5d,4a34c787-bdd6-442f-978b-590a62b557f2,5b92f1932ee7f54c,c098825a145a1006,False,-1
0938eed3-8d68-4aea-8777-73390152997c,5a65738f-e1b8-43f7-8dea-0fcf02106715,fdf171091dd4fe46,ebad191d00322087,False,-1
9f857104-d704-4cbb-815f-ad04fc50e16e,61b65438-9271-42d4-9bcd-586c8aa58357,af015903b22af39f,12d907289c30a5a6,False,-1
8438cc93-63ab-4502-a11f-c6679efbf067,a0ed6ea0-9ca3-476e-9643-a23fb566d537,5341e708224681dd,27aac12bba4a7140,False,-1
7b74d816-c411-44dc-8d6d-5cb6b3c85f9d,44959ef3-b42f-4e6b-afd5-7a0a81317b14,ad92ef4298c6c507,875c192bc6420593,False,-1
24adafbc-1648-4935-8eae-aad76fc84156,675140ee-0253-4429-873d-17ab90b6837f,7d556074714a62a8,9fd14d71ecf96db5,False,-1
47312abe-d8a1-457b-a280-d52b81df72c7,96d20b35-2b7d-4e89-bcbf-27c84aa35780,67399f8f7a762ec5,d7f3582d084f2806,True,7
f9d5806f-be6a-4dc5-9825-b122522092cf,44959ef3-b42f-4e6b-afd5-7a0a81317b14,7cd53a1dbcb8d35d,631f80719661c75f,False,-1
a1372322-e26d-4181-810f-390666f8c7cd,4a34c787-bdd6-442f-978b-590a62b557f2,83c7b9f2ed00d06f,84ef79448b45f0b4,False,-1
9d8d2e2a-7dbb-4022-b526-b1a91f584105,28870073-fe65-44b5-b52a-6493dc0016fd,45f13ef5207d4e68,278fccea7499a487,False,-1
adb9429a-b26a-463a-a748-23805575eb87,96d20b35-2b7d-4e89-bcbf-27c84aa35780,f920938dd42eb830,3216f19fc7491d67,False,-1
2497c371-2630-41d9-bbcf-66a81d0b4124,675140ee-0253-4429-873d-17ab90b6837f,7a489a8fc6c1781b,6e4e3a2cd0d4c207,False,-1
32e99c75-6ce3-4421-b4fd-2610666b038a,61b65438-9271-42d4-9bcd-586c8aa58357,55fee68080602ffd,cdd3d77cb5c1d1da,False,-1
5c320068-73a8-462b-8ac1-7cce7b9bd75e,675140ee-0253-4429-873d-17ab90b6837f,d163d8753d2930e2,e6446871b22b8fe4,False,-1
0eb13877-20d8-4c26-a250-6d604302135b,61b65438-9271-42d4-9bcd-586c8aa58357,35e599be9eb2ec1a,a669c6cd369551e5,False,-1
2533b7d4-0465-49ed-ad94-381fda9bc735,5a65738f-e1b8-43f7-8dea-0fcf02106715,09ce644364352490,233b0972493fc592,False,-1
0d2e51c5-8bea-4b05-921d-e6d142a23ea9,44959ef3-b42f-4e6b-afd5-7a0a81317b14,00c5aab805117786,4925769f538df786,False,-1
dd49357d-86e6-4bc6-b3f8-1d838f825950,5a65738f-e1b8-43f7-8dea-0fcf02106715,7b2666f506da3aca,7ab1073ffd12c3ae,False,-1
5fd01965-4760-46d8-81c8-6fb6a3398ca2,563e43fa-b8bc-45dc-8d60-a4c2093ddff5,cc8a6cf2c8843e3d,a4d7bdccbfed5ac6,True,5
0f156be1-e6ce-42b2-a5c5-0d33f57063f6,675140ee-0253-4429-873d-17ab90b6837f,383349f88976c139,d09d4fa85a9460c6,False,-1
cd3a6273-c316-4038-a53a-401c8d37e77d,44959ef3-b42f-4e6b-afd5-7a0a81317b14,fb0eec0bb762d7ad,95f1506c48eb0886,False,-1
55febc5d-b353-450a-91b0-089f0452d56e,a0ed6ea0-9ca3-476e-9643-a23fb566d537,3020f5ea946210af,352d7bb7e3d204cb,False,-1
cef75c88-fc9f-4757-90f6-f1477ae356d8,675140ee-0253-4429-873d-17ab90b6837f,9e02591233d60e38,ccac6c0edc9d6adf,True,3
fd48c164-b6e2-4740-a418-35ea8f6589fe,61b65438-9271-42d4-9bcd-586c8aa58357,9824f6105a3b2870,5110be15d79ae6f4,False,-1
8cfb7644-2d17-4592-84c6-2165fc6889ed,61b65438-9271-42d4-9bcd-586c8aa58357,e935ac7ca71ff95a,60cfe493081a31ad,False,-1
d5af9e85-1523-4b29-9e21-92ec32879bec,5a65738f-e1b8-43f7-8dea-0fcf02106715,ba30c1270051efd8,1dfa9f5d2776f073,False,-1
01ba384e-8054-4580-9a64-5b0c8d5b34cd,a0ed6ea0-9ca3-476e-9643-a23fb566d537,557780167c90da1e,f998f5eb62d9a876,False,-1
5a309ce9-c036-44a2-9e44-ce428167e81f,5a65738f-e1b8-43f7-8dea-0fcf02106715,aa95dec49dc8de3b,08c6503b6b2e5faf,False,-1
a20ea7ea-0c4e-4e80-8a67-20adcfd831de,04795039-6bb2-4022-92c4-4eaceb902ec0,0184f7e794cb0acc,72cd104893995dc8,False,-1
ca8b391f-6a89-4a7b-92df-a47d67b20fbe,61b65438-9271-42d4-9bcd-586c8aa58357,beeed86bc30c7e0a,44f03a818befe0eb,False,-1
6e8825bd-e85e-4b72-9278-09a07464e4e3,44959ef3-b42f-4e6b-afd5-7a0a81317b14,450deee1c19c541c,51dedb9bc6f57b93,False,-1
89f3ac89-a7ad-4506-ab9e-49cd49f743fa,96d20b35-2b7d-4e89-bcbf-27c84aa35780,4599d7e23e090ab4,39ffa1bf3c8907b2,False,-1
291345bb-65ca-4a93-b622-cfdc2842907a,61b65438-9271-42d4-9bcd-586c8aa58357,a32b5d1558b6d485,1e46ab76a27b083e,False,-1
0c2519cf-3a58-4a05-8151-d57bef0f04eb,4a34c787-bdd6-442f-978b-590a62b557f2,e98fd5bed4a4f3bb,185b7508e62ed497,True,0
e50f5abc-3012-43e0-b6fd-ec04bcbf0876,5a65738f-e1b8-43f7-8dea-0fcf02106715,12f2807d391b5d26,6cfa71fbfe29f16d,False,-1
e2d90b3d-2c4b-4a8d-bf87-3468c1e4bcff,675140ee-0253-4429-873d-17ab90b6837f,5658759c1b3baf1a,0ddb7474fe40183e,False,-1
90f76d0b-4b72-42f9-9bf5-b423f1b94ddd,675140ee-0253-4429-873d-17ab90b6837f,f0f230a8fcfcbaef,f0f500e8d6fe1e77,False,-1
f30e4a38-a2e0-40b6-815f-445759855bf0,04795039-6bb2-4022-92c4-4eaceb902ec0,da9f4eb532a37879,acb7b271b7f57f57,False,-1
21120148-bcd1-4a75-ace7-6ed054dc8a43,61b65438-9271-42d4-9bcd-586c8aa58357,776dc9a6ebe64b0b,be80719993b5e419,False,-1
0b67864b-ade1-449b-b308-634be88d620e,675140ee-0253-4429-873d-17ab90b6837f,d391a1baccc19027,71161ea7e876d8dd,False,-1
b206aae8-5b50-4cca-8a2a-1aefafbe6f51,675140ee-0253-4429-873d-17ab90b6837f,0760e5e514dc6d66,226003bbbdabf3fd,True,1
3f4d84ab-67f8-4ac6-8bd7-b5965460eed9,96d20b35-2b7d-4e89-bcbf-27c84aa35780,ad0425fd1a255cac,56f09f1450031382,False,-1
2edfd042-bdc8-40cc-aab2-f457c7c14a95,61b65438-9271-42d4-9bcd-586c8aa58357,6aef7eac146b8c6d,9eee566dfd667f83,False,-1
0393832a-5d9d-478f-8f83-b4045f2129c1,96d20b35-2b7d-4e89-bcbf-27c84aa35780,b45cb73fac674110,6de5a708a39973f5,False,-1
1cc83900-0aa2-41fb-9cd6-097094550407,04795039-6bb2-4022-92c4-4eaceb902ec0,f5ab3f726b2f92d5,53be709207aee76e,False,-1
336fa676-b770-424a-bc9b-d8bf0952b854,04795039-6bb2-4022-92c4-4eaceb902ec0,5732755f11ef5ef5,7bc3a0cdb47dd7c6,False,-1
24d9d2cf-7e47-45cc-a527-331229cb76d8,675140ee-0253-4429-873d-17ab90b6837f,5ae5ec0b526b9223,8eac07f190579115,False,-1
ded3c426-69b3-4ca6-b02b-274f5129e97d,4a34c787-bdd6-442f-978b-590a62b557f2,511b4740f1c3f3d2,c6ffdff72c40ec01,False,-1
74fc5db5-953b-411b-9ec9-e7172b400a93,44959ef3-b42f-4e6b-afd5-7a0a81317b14,8c256679d4630f12,37e38dc6ae271cd7,False,-1
eff07578-68e6-491a-b178-a07831410d9c,675140ee-0253-4429-873d-17ab90b6837f,e8509efc4d33f6fa,0655a9e86a5d7c7c,False,-1
2059fbf5-fc39-40f3-81d3-a5e06bd8f7a2,61b65438-9271-42d4-9bcd-586c8aa58357,82e1fd3746442e15,09aea6c8db8f1fab,False,-1
fd1f02c2-44c3-4cf0-b34d-a1cce3f82b05,a0ed6ea0-9ca3-476e-9643-a23fb566d537,a5eeed6fe2f60f0b,3c001cfe47dace15,False,-1
925cbebd-1eeb-4319-b04d-27b3a99bd210,61b65438-9271-42d4-9bcd-586c8aa58357,620f7d8756d580ef,99bfe65dbf83001d,False,-1
5e4866c3-d27a-4558-a500-1672e5afc0cf,04795039-6bb2-4022-92c4-4eaceb902ec0,9d77eecb5361aa4b,bc9b4b376fde431a,False,-1
cb81eb9e-0be8-42a8-8c34-bb72bb0188c1,96d20b35-2b7d-4e89-bcbf-27c84aa35780,c3bbc865373c0acd,6bdfa58d8d135ba7,False,-1
0bdc3109-d7b5-43a6-ac52-f26763eb98bf,a0ed6ea0-9ca3-476e-9643-a23fb566d537,127bd6e13acfec07,129980fc6f0a2cb9,False,-1
04a90926-97a9-48db-bac4-9886c41484de,563e43fa-b8bc-45dc-8d60-a4c2093ddff5,0e7701a18e961926,dd4c892733d6c0ed,False,-1
1d1baf6b-190b-4a56-bc08-f1ae1f88168d,04795039-6bb2-4022-92c4-4eaceb902ec0,ec55d4638912a7bb,7a166f59f0bccc7f,False,-1
e7b0f7b2-1095-4215-98dc-4b94e13e8041,96d20b35-2b7d-4e89-bcbf-27c84aa35780,e430b380499f65ba,1efd935ff78db408,False,-1
0f5e06d6-6783-43f0-bfe8-6a91c02f87f1,563e43fa-b8bc-45dc-8d60-a4c2093ddff5,e33e89634a05d9d4,4872c07a3df8ec06,True,6
adb41e41-cdb8-45cf-a606-2db077345b0f,44959ef3-b42f-4e6b-afd5-7a0a81317b14,d9edbfedfe19e686,28fd6ab02a90e96f,False,-1
adee0c54-a416-407a-b41f-aad25e26c731,563e43fa-b8bc-45dc-8d60-a4c2093ddff5,a8cb0959e5a70a66,3f2426b0603c8579,False,-1
32781558-abc9-4ee8-b358-cb79fb2ca99f,96d20b35-2b7d-4e89-bcbf-27c84aa35780,dd59dbbc1f4eb0dc,5535a0df9906cf35,False,-1
67d1c406-d059-486a-8607-ec14b353d8e2,5a65738f-e1b8-43f7-8dea-0fcf02106715,5f26768bd039c1f9,16bb49a0dc408d2e,False,-1
bd7f5df2-b9f5-439e-b331-f574914f0148,96d20b35-2b7d-4e89-bcbf-27c84aa35780,0671564b12407e38,75062197bc3536a8,False,-1
9f9ea0a0-f72c-4f90-bf09-98344a6e4ca4,96d20b35-2b7d-4e89-bcbf-27c84aa35780,e3e49568567a6277,5c9b66ce7c25695c,False,-1
18ef05c7-2a74-4933-a761-a835b605742a,563e43fa-b8bc-45dc-8d60-a4c2093ddff5,58f264482a08fa93,792b3fa5372f3025,False,-1
00081df0-5c14-44dc-a8ca-0af4d0a801c1,a0ed6ea0-9ca3-476e-9643-a23fb566d537,1e2754ddeb679b3d,e0a8967744ef4c0d,True,7
13ff979e-5268-4468-a8c6-d0887137483e,44959ef3-b42f-4e6b-afd5-7a0a81317b14,1a818b5bbd939627,7af70755e1375910,False,-1
3e5d1c95-c029-41d0-b4be-f0fbb68c3ec9,5a65738f-e1b8-43f7-8dea-0fcf02106715,341716ddf2d7f6fb,fb891b5238b73249,False,-1
76a9ec9b-c484-439b-94e4-5c0026dade11,96d20b35-2b7d-4e89-bcbf-27c84aa35780,a829915eab59b19d,e2b03d5027e731c0,False,-1
1f0d2849-52cf-4724-a6d7-3bd683ba8ff4,96d20b35-2b7d-4e89-bcbf-27c84aa35780,2d6043aabc3de5bb,c7caf532d702f424,False,-1
95f734b3-c598-49f0-b719-aa7643d60413,28870073-fe65-44b5-b52a-6493dc0016fd,2f8372d2dc45472c,e067ff050d7fa352,False,-1
7b31928a-375c-45cf-972b-138274e2b09f,5a65738f-e1b8-43f7-8dea-0fcf02106715,8b4713c96441635e,2b370247541da9a5,False,-1
a2c2c104-0753-4234-bedc-8f86e99069e5,96d20b35-2b7d-4e89-bcbf-27c84aa35780,ca033c315ccc6a8d,61f8a4be1a8b7460,False,-1
852169f9-bb3d-477c-8c3c-1000da892a26,04795039-6bb2-4022-92c4-4eaceb902ec0,c000a3d61b58b1ae,98e7e09e31c0ac21,False,-1
660458ec-d0a0-41d0-b07e-6a3127576013,04795039-6bb2-4022-92c4-4eaceb902ec0,264c9743bb4d370b,df79bc5f15992b9a,False,-1
a33e84f7-a697-4c7a-bf26-c2597f7c8864,563e43fa-b8bc-45dc-8d60-a4c2093ddff5,8e3fcf430cef7082,bae1a45e96527b45,False,-1
e7095fb3-dce6-4025-9f4d-f6af5c5cb1ff,4a34c787-bdd6-442f-978b-590a62b557f2,20d7567b081a95b7,584261e35688b1b9,False,-1
cd919f80-ff46-4873-b5c3-d48952d8e01b,28870073-fe65-44b5-b52a-6493dc0016fd,3e5a1dadb8c42d93,34bb197e58ba3515,False,-1
799c62c6-8dda-45ab-bd8e-5523e873f752,04795039-6bb2-4022-92c4-4eaceb902ec0,7d49a81623799108,8eb0cf94f2bd3873,False,-1
eedcb527-7484-40f9-a6c1-052b92329aa9,a0ed6ea0-9ca3-476e-9643-a23fb566d537,8a64b5ea5edda022,2f72f55de0e6ded7,False,-1
8b950c50-3e03-4461-8060-081f86f85c47,96d20b35-2b7d-4e89-bcbf-27c84aa35780,34f56d63e81aa48a,d997a145218282d1,False,-1
3cc3488f-8ce3-4878-a38e-19309194cf6a,61b65438-9271-42d4-9bcd-586c8aa58357,3f730465a22c9834,faa3c1a768eb43f7,False,-1
d9cca9ae-11fd-4128-a904-b6f0fe687f96,4a34c787-bdd6-442f-978b-590a62b557f2,2779cf5865598dbf,968d66ae8c936441,False,-1
b3c0a93d-5bbd-43f6-ae1d-a3ca2750e7b2,675140ee-0253-4429-873d-17ab90b6837f,b430fe7d9016fd9e,80cc67944a2645f5,False,-1
44b201fe-e221-42a7-a440-172d87400d47,563e43fa-b8bc-45dc-8d60-a4c2093ddff5,dff18ab9333f6e1e,fe23779e297f5977,False,-1
67834932-a79c-4557-91c8-b6c0dd63fef5,675140ee-0253-4429-873d-17ab90b6837f,4062ec2e52940d31,7ee85682b2336466,False,-1
7f99e2d5-ba87-41e3-8788-8ddbaa7b1349,a0ed6ea0-9ca3-476e-9643-a23fb566d537,12381ff56e756709,1d2186c733613388,False,-1
4ed0bb01-c695-4541-85a8-a16369e234e9,44959ef3-b42f-4e6b-afd5-7a0a81317b14,acc3979aa0afb1c9,f16de1689910cba3,False,-1
d6a6ce7a-3a04-4180-bbe9-19b953f1f56a,563e43fa-b8bc-45dc-8d60-a4c2093ddff5,cdcc3e86ca5332c5,871e51018412b248,False,-1
f3d6ec61-9ad2-4a70-afc8-49902839fd4a,61b65438-9271-42d4-9bcd-586c8aa58357,4f222f81368bb06b,2099af9034bd409e,False,-1
559fbf0c-7667-468d-ba6b-230af38b9030,a0ed6ea0-9ca3-476e-9643-a23fb566d537,efc7cb9363972fe8,53920c27b41e25e9,False,-1
a00d9813-3910-4641-bb8c-63e845557aa9,96d20b35-2b7d-4e89-bcbf-27c84aa35780,7e4ce9723646aa3d,3c6a2e695d93776f,False,-1
fcd50431-bcf0-4331-aad4-2d95bc711119,4a34c787-bdd6-442f-978b-590a62b557f2,9c360c13edb31958,f7c0676f17ac6fee,False,-1
acb90634-4133-4a03-91e7-878dfd150d69,44959ef3-b42f-4e6b-afd5-7a0a81317b14,f45d056e944a47ef,607bc36ecd724629,False,-1
c6c133ea-a43b-4a6f-9b99-acf58abbb5ba,44959ef3-b42f-4e6b-afd5-7a0a81317b14,d49197a13689a2df,467a2f2a1486ce58,False,-1
481cb003-b343-4083-9fe0-55c029438455,61b65438-9271-42d4-9bcd-586c8aa58357,8824770a50bd0a0e,c56b1edfeb3e849c,False,-1
71ba9093-e2b8-48cd-842f-02ec98ff6012,5a65738f-e1b8-43f7-8dea-0fcf02106715,f22a13ed51b3e531,e8f550911e5b7dbc,False,-1
2039ad89-3117-474f-b6f8-8ba6c5e28689,96d20b35-2b7d-4e89-bcbf-27c84aa35780,6ba928d937188b1f,ae6e94f950ece830,False,-1
adffb65e-c257-4673-8f20-7362931aefcd,61b65438-9271-42d4-9bcd-586c8aa58357,35b4735bd0ff6b52,12bff9df92e220da,False,-1
7d0dfaeb-e1ef-40df-8ec8-5ee32d47739f,563e43fa-b8bc-45dc-8d60-a4c2093ddff5,36ec3c12dca29882,bb7818e42e168511,False,-1
0c66a6af-2145-4f94-9aa8-701e00800a73,675140ee-0253-4429-873d-17ab90b6837f,f379aaf1bd01d7bf,fd17fe8e0b23d7b6,False,-1
b2f50592-20ac-439b-a0a6-cd44b645f913,28870073-fe65-44b5-b52a-6493dc0016fd,b78d4a5a0757784d,af55bc3f75e88822,False,-1
e99195ba-2933-4cde-8e62-0011e8b33889,675140ee-0253-4429-873d-17ab90b6837f,7b840047a963544a,ce2e8cc3ac2ef6d8,False,-1
ebba0790-fa1a-4554-8fe8-264ff0f53e0e,04795039-6bb2-4022-92c4-4eaceb902ec0,e04fd0fc433519e4,410187181dc5a16d,False,-1
be70765e-c364-46f0-ad4e-d4a823120aaa,44959ef3-b42f-4e6b-afd5-7a0a81317b14,821d14a2227f49f1,3e5ef558e55fa4ad,False,-1
6386c484-84f0-431a-94a8-5d088d8106dd,5a65738f-e1b8-43f7-8dea-0fcf02106715,ef98fee48df7d75d,def67ff12a7843e4,False,-1
33b542ad-1bae-4698-921e-9acca280b51d,44959ef3-b42f-4e6b-afd5-7a0a81317b14,4c7fcbe0e226a9f9,2836a0984c40b4ab,False,-1
f0882b06-7304-44ff-a29c-152aae765ba7,96d20b35-2b7d-4e89-bcbf-27c84aa35780,e0647e3910114636,0da582603f823cb0,False,-1
28e3b5aa-bfe2-4e00-b457-5084dcdb6a42,61b65438-9271-42d4-9bcd-586c8aa58357,9e4192334a6c4fdd,b5518a1664565522,False,-1
924117c2-cb85-4d3a-aff9-2375c223d707,61b65438-9271-42d4-9bcd-586c8aa58357,67d2f54efb40d88b,e4299711ae3ea309,False,-1
25d8bf7e-be05-47d8-91d2-29493e123100,96d20b35-2b7d-4e89-bcbf-27c84aa35780,b1c450449e7b6c0a,611fafc116269ea0,False,-1
44ea3140-f58d-46ce-9391-094df9e14b98,28870073-fe65-44b5-b52a-6493dc0016fd,c35500abdf57ae52,c397b0508f0ade1e,True,6
98b7cbe2-21c2-4d0c-a45d-bd4a69b5d04a,44959ef3-b42f-4e6b-afd5-7a0a81317b14,a2a07b1f2ee9c31c,f5fa53076ff717d8,False,-1
59ea51ef-1e58-4349-a973-7c9a44cc5013,675140ee-0253-4429-873d-17ab90b6837f,e918c924648b9ce3,e1c326131007398b,False,-1
9387dec1-4766-4008-a7d1-59daaa2de19c,563e43fa-b8bc-45dc-8d60-a4c2093ddff5,dc86cfa2bafadfaa,dc70a1a16c3297c1,False,-1
959aa09e-fa7d-4187-ad5c-348b796c1d47,4a34c787-bdd6-442f-978b-590a62b557f2,955b53f5da3dbe1a,e1fc0e4fe4ff4954,False,-1
d7e21f77-1db4-4fcd-a840-e1cc77fa583e,61b65438-9271-42d4-9bcd-586c8aa58357,9797830f72410363,43fa7d167f3cad00,False,-1
4d78ac60-57c0-44ff-a0e6-24603a47af5d,675140ee-0253-4429-873d-17ab90b6837f,d62fb9d2ff2d7caf,ab105eb0d0539313,False,-1
92c0eed9-5652-488e-b308-9aa377013e6e,675140ee-0253-4429-873d-17ab90b6837f,718dc9a80e2af0d5,f0d16783569c0b5b,False,-1
d53e43f9-da8c-47dd-89e1-c45abbbc4cfe,a0ed6ea0-9ca3-476e-9643-a23fb566d537,be1bb96716c27ecc,1d532784acad06c1,False,-1
62808418-3e12-4a1f-8752-fb0403c255e2,04795039-6bb2-4022-92c4-4eaceb902ec0,b40b6d85bbaec8f1,b11210ae673fd515,True,3
0ad77805-2c70-451b-848f-23524f637b03,a0ed6ea0-9ca3-476e-9643-a23fb566d537,7b04519d6889cfe0,e93795024b948191,False,-1
2d2fa6e6-3bd8-437e-9c2d-afac79794673,61b65438-9271-42d4-9bcd-586c8aa58357,37fe36167e0898a3,9e7b7d69861db290,False,-1
6953fadc-a023-4573-ae6f-42827a0dc093,675140ee-0253-4429-873d-17ab90b6837f,f4920ffedd48d628,46234037ae5025e2,False,-1
1d338019-0d8b-4b99-9296-acbe2460666a,4a34c787-bdd6-442f-978b-590a62b557f2,6ff4857e9af7787c,0238375b0bc81937,False,-1
b67df65d-3364-46bd-977e-7bfb22805d5a,5a65738f-e1b8-43f7-8dea-0fcf02106715,f8d8861003b473c3,ee4d49177b6114ff,False,-1
0af6564f-c519-4db9-92a7-9193f7929b55,563e43fa-b8bc-45dc-8d60-a4c2093ddff5,9b56d86abdb0bfca,e3b713713e492640,False,-1
16be8bd7-c322-49b3-af13-d5c75f3b1076,563e43fa-b8bc-45dc-8d60-a4c2093ddff5,28037d4de5411e07,113ba852dcd72e20,False,-1
6d4a1802-c866-45e9-a8de-206a9acdb6d7,61b65438-9271-42d4-9bcd-586c8aa58357,0965a74f9b38c3c2,90b4462abc2f3c39,False,-1
4f5944cb-052e-494e-8e24-2b181dc113d4,96d20b35-2b7d-4e89-bcbf-27c84aa35780,9a10e86df15a01d1,5c2d8a5d57f4cfc3,False,-1
c5f88781-1313-4adb-a989-eddc610b308a,4a34c787-bdd6-442f-978b-590a62b557f2,2beaa3b28365f214,fb741bd7d355a5d8,False,-1
3c72259a-9263-4264-ba67-ec2c53200a04,675140ee-0253-4429-873d-17ab90b6837f,ad329cb9db7b97b9,ea97ca42a810831a,False,-1
96fe2bac-2ec7-4284-9220-9a1de94cb572,04795039-6bb2-4022-92c4-4eaceb902ec0,01adc7cdd6806702,ab74f2762777c967,False,-1
6be8398c-b5ba-4793-a125-e2ed6ff71f36,563e43fa-b8bc-45dc-8d60-a4c2093ddff5,7880c07ab3ec7b3f,4d6689e1236dabd9,False,-1
d0455951-f77e-4cc2-9bdb-d23ca12bd483,563e43fa-b8bc-45dc-8d60-a4c2093ddff5,002812398033e809,a4f95a7fdd7f5b17,False,-1
43947bb6-e4f6-4157-a8fe-2bef87cca5c0,04795039-6bb2-4022-92c4-4eaceb902ec0,297585fc4ffb8582,5f79efab91b8a2c7,False,-1
64d42ab4-7384-46fb-9fdd-d8c927cb98ac,4a34c787-bdd6-442f-978b-590a62b557f2,df9ef4ad577fb8c8,012304846d2c7eb3,False,-1
6279d0a0-856c-4326-a678-e3652cdce257,61b65438-9271-42d4-9bcd-586c8aa58357,49072252bf2a188d,cb00f00c413a5f87,False,-1
a72dad8e-66aa-4b81-96ee-51caf6ec9664,61b65438-9271-42d4-9bcd-586c8aa58357,08febe88d867553f,c3726e229c7d93fb,False,-1
0ae108c1-35fa-47e0-a331-4968517a6595,04795039-6bb2-4022-92c4-4eaceb902ec0,94fab836448afa7e,3f7d5a954fae7085,False,-1
57527ba7-396a-4359-b5ab-7f7f32599bab,96d20b35-2b7d-4e89-bcbf-27c84aa35780,004c7c333a433e70,6f32d25203c8cfd8,False,-1
71db461c-1cc2-47ee-a045-c8cb5db755b9,44959ef3-b42f-4e6b-afd5-7a0a81317b14,b8c0780a329327fb,29d681f122b38261,False,-1
5914f141-5355-452c-89c8-3a3eaee2e01f,28870073-fe65-44b5-b52a-6493dc0016fd,766f873e8ce2e503,1bcd142ead7d2fee,False,-1
17ae1749-cabf-4881-a1d0-461b27fc89d6,675140ee-0253-4429-873d-17ab90b6837f,0ed92e1966e97dfc,96cfe111f3610a08,False,-1
5a90cbfa-f010-474d-89fa-5369a11c31ef,5a65738f-e1b8-43f7-8dea-0fcf02106715,c5786906d1117fab,0a55ce743bd9c370,False,-1
dbebf7ec-0e2e-445d-8049-8e1ed746a590,28870073-fe65-44b5-b52a-6493dc0016fd,0e532786ca7e2f78,d0edea2db25ad2b3,False,-1
48024e0e-7fa5-4bf2-9d84-c3c3dde4e17d,675140ee-0253-4429-873d-17ab90b6837f,341408ff422fefe9,a4c30c546880c75a,False,-1
c645dfa7-1305-4eac-aa52-948b4ab07bb7,28870073-fe65-44b5-b52a-6493dc0016fd,a06b801897e6bfc6,435c1333d56cad91,False,-1
89dded69-ea72-4af4-ac22-5e7715a59b54,5a65738f-e1b8-43f7-8dea-0fcf02106715,aa1d1ca397ff919c,5741ab791dc6cc29,False,-1
41d57451-f2cf-478c-830c-461779317c33,28870073-fe65-44b5-b52a-6493dc0016fd,a7e90a1f7a2ad8ba,9d187f8ccd30edc3,False,-1
202eee27-8c3a-4827-b99d-80467617a4a1,96d20b35-2b7d-4e89-bcbf-27c84aa35780,7137b03cd86de45a,ed37d8dbe714231d,False,-1
fb6c2029-8f8b-4eff-b157-fdde6e5b11ce,04795039-6bb2-4022-92c4-4eaceb902ec0,9864c7afa83e1187,a9adf9df64323f44,False,-1
4ade0628-f0cc-42e0-af1a-68d63e460b8a,96d20b35-2b7d-4e89-bcbf-27c84aa35780,eb56fb1179b7fa44,c244df95c1a3dbe7,False,-1
056585bc-bf74-42bb-b05c-a87c98d94969,96d20b35-2b7d-4e89-bcbf-27c84aa35780,ec8728476e509bf4,417cadacad51504a,False,-1
868eafb6-88bd-48ab-b49e-f18934d35217,a0ed6ea0-9ca3-476e-9643-a23fb566d537,29cce106f00c1467,4a1a9fdf252ab7ca,False,-1
e956b6a8-4bc5-4047-b5c6-15ee1e01644f,5a65738f-e1b8-43f7-8dea-0fcf02106715,fb16801c2cbe3d09,ac7a75f71eb901a3,False,-1
654f676c-44a9-46e1-9539-f6bda5550530,61b65438-9271-42d4-9bcd-586c8aa58357,9f68aa4b2271768f,b88631dac367ca81,False,-1
c4cef0ea-b90d-4f6a-9374-d373a62a6486,563e43fa-b8bc-45dc-8d60-a4c2093ddff5,061b190fc7b593a4,d754cf1a42a6035e,False,-1
71c7ba71-5642-4955-b8b6-d259899943da,61b65438-9271-42d4-9bcd-586c8aa58357,ffe24cf2870a1056,3ab971f673890084,False,-1
dea8c629-0765-4b7f-825d-7144c642b857,96d20b35-2b7d-4e89-bcbf-27c84aa35780,d38990e70ad5b338,64ac90df5a7dc597,False,-1
e4223721-4fac-49ca-bd4e-6764ddfe43f5,04795039-6bb2-4022-92c4-4eaceb902ec0,f4cffda9a4e2fe73,421c91e897bb01d2,False,-1
08812b8e-a531-4a74-b665-61f9031a43a6,675140ee-0253-4429-873d-17ab90b6837f,49ef8099065360aa,93cc836e5191712f,False,-1
0ec32205-72c6-4c9f-99ed-47c950e6529e,4a34c787-bdd6-442f-978b-590a62b557f2,519a7f2758af0df0,6a1d92129ba887e7,False,-1
9b51072a-1b87-491b-8c69-d2e2befdee30,563e43fa-b8bc-45dc-8d60-a4c2093ddff5,7d631eba4e4ab3b8,a08cc6528e57d0c3,False,-1
677dca90-0365-47ea-90b9-c1efdfd1d63e,a0ed6ea0-9ca3-476e-9643-a23fb566d537,9881dc47d83a8728,1e4b9e98df059b94,False,-1
46f1a9e2-67c3-41ab-a12b-644b802980c8,96d20b35-2b7d-4e89-bcbf-27c84aa35780,c486b731ea9cd153,3ebc7fee7d944ad2,False,-1
efa82bf5-2692-4a1c-ab65-b75281a32e41,04795039-6bb2-4022-92c4-4eaceb902ec0,f118080e1a242e0a,dbcb85c6d43e5a0e,False,-1
3b7df0bb-b3de-4ce2-8fd4-1b720690ceea,563e43fa-b8bc-45dc-8d60-a4c2093ddff5,9ae496782905c836,95d1a30b346fd124,True,4
b6728ba6-3ac2-492c-9fe5-7f99f9f34063,96d20b35-2b7d-4e89-bcbf-27c84aa35780,db84f26ae7dba7f5,d168a610909f0473,False,-1
4a04b256-afa3-4fe2-a6f9-f232cf20b25a,563e43fa-b8bc-45dc-8d60-a4c2093ddff5,30f48d07c8e62172,e313b30f3b3bf604,False,-1
0922b9e6-7e68-440e-9346-fc435c38df75,61b65438-9271-42d4-9bcd-586c8aa58357,c15621f48e45a259,d9d10d26ca180d76,False,-1
dab86453-c134-4756-9e66-a3af04ffb7f6,563e43fa-b8bc-45dc-8d60-a4c2093ddff5,313961d3c1956ad3,5600ce2d9cf620a5,False,-1
9844bd10-2400-48fa-b504-836a08109400,675140ee-0253-4429-873d-17ab90b6837f,7e930fc9f76b105c,0aeea7671405b02a,False,-1
278e032b-5869-4409-b7ad-fd6adf0c4e22,28870073-fe65-44b5-b52a-6493dc0016fd,05ccff7577bbb09d,a953ac5ad10258b3,False,-1
65bbcc1b-79a3-495c-b885-fc628a728aba,563e43fa-b8bc-45dc-8d60-a4c2093ddff5,1e331b36dffe8bf3,44063cd595a8bc37,False,-1
e02686c8-6540-4825-9441-a4eb83fbf628,5a65738f-e1b8-43f7-8dea-0fcf02106715,6ae1bdcf2a576a8f,54738ebd08f45e15,False,-1
d9dcfe15-debd-441b-8f3e-91f1dcdfd100,5a65738f-e1b8-43f7-8dea-0fcf02106715,89fb482da502bc60,48eadb1e61e8ebf1,False,-1
09762cd4-e611-4f25-972d-6e89cf96dc62,61b65438-9271-42d4-9bcd-586c8aa58357,b4043d7924c9d9ac,731b179115c64a8a,False,-1
89ad7769-c9f5-4197-a3a5-6e0343b25410,28870073-fe65-44b5-b52a-6493dc0016fd,3c89ab3c2cf708fc,e1957be2ffb612aa,False,-1
5518f944-a688-48d0-ade7-234f9fc477f6,5a65738f-e1b8-43f7-8dea-0fcf02106715,6afd8e6784e4c604,56296532d41dffc0,False,-1
b971ae12-39f6-4af7-b326-9a43b3251409,44959ef3-b42f-4e6b-afd5-7a0a81317b14,e5c2b2afa0e3a06f,ceb5e5bd7d18c75b,False,-1
35bcb3af-85cb-4901-857b-7b42fd33d640,28870073-fe65-44b5-b52a-6493dc0016fd,21febd68746e2dc1,6e4684b413765d44,False,-1
fef22f1b-419c-41a9-983c-da01edf78948,28870073-fe65-44b5-b52a-6493dc0016fd,7efd2d5627b4990f,2d67dae6cc811c73,False,-1
566af6e5-8c22-4643-b7e6-d7386956ff9b,4a34c787-bdd6-442f-978b-590a62b557f2,f1740517cbc4160c,7148e574684b6e0d,False,-1
2c6e1eda-3902-4221-b338-82db1865af13,a0ed6ea0-9ca3-476e-9643-a23fb566d537,0e02a6e81675dc35,ec3f8e4c2650a840,False,-1
30a86f64-dd0e-497e-b782-baabc1781168,a0ed6ea0-9ca3-476e-9643-a23fb566d537,0bb3a7c24d1f6a4c,836c2bce37b617d7,False,-1
62264c81-a0dc-46cd-9f22-09c90f77744b,5a65738f-e1b8-43f7-8dea-0fcf02106715,4f300caa4f782518,0cdf8334f9d65288,False,-1
f9425a27-ddf3-42ca-b8f8-958d0ff7aece,28870073-fe65-44b5-b52a-6493dc0016fd,77acd8b0f4a4b6d3,505608532ba1e4c5,False,-1
6b007026-39c2-43ee-946c-03d83840e2ba,28870073-fe65-44b5-b52a-6493dc0016fd,23dee625e63a6693,3b40f65234ec39ba,False,-1
80402384-62fb-4fa7-a689-f52623236c14,61b65438-9271-42d4-9bcd-586c8aa58357,a9098dcdc743a753,1a621b49026951d9,False,-1
1a5d66b2-9486-4fa9-b330-0b548299ef5d,675140ee-0253-4429-873d-17ab90b6837f,3a9da3f6d9dc3a18,622f568be2ca1df0,False,-1
dd9d1759-ae9e-4c4f-8803-fb52b55d869c,4a34c787-bdd6-442f-978b-590a62b557f2,a3883332b5353494,854477d6cff61270,False,-1
4448488e-cc42-43fc-96f5-c8541ff596be,a0ed6ea0-9ca3-476e-9643-a23fb566d537,46f49fabf698e2df,2406add191386964,False,-1
c4f1c733-584d-4e04-88b2-35695c24fbe2,04795039-6bb2-4022-92c4-4eaceb902ec0,a9f29770ccab0912,3f40ead2f936f354,False,-1
fd84e003-7125-407e-abb7-80c88e418605,a0ed6ea0-9ca3-476e-9643-a23fb566d537,1ae52096009ee36d,712b41daed375b78,False,-1
65e316c8-f96a-46e6-af22-cf61929fc8bc,61b65438-9271-42d4-9bcd-586c8aa58357,5e244a12daebdada,9f1f47c5ff8e1288,False,-1
5d3a977d-48d1-4070-a4cc-51b1cde10edc,04795039-6bb2-4022-92c4-4eaceb902ec0,9a918a44f7514133,692442ebf40ff9f8,False,-1
3345fbb4-fc4e-48ea-84e9-917172857a63,04795039-6bb2-4022-92c4-4eaceb902ec0,f6840b86eff9173d,d8db46975acedfe7,False,-1
cede8536-b567-429e-9bcc-e9e076225d0b,563e43fa-b8bc-45dc-8d60-a4c2093ddff5,a0e2e0ce62af0853,49a1f0bb0572d056,False,-1
99d26e25-0d6c-41e7-9517-91fbec4c0d1e,96d20b35-2b7d-4e89-bcbf-27c84aa35780,1285cb6e645946a9,dd2f4088f23da284,False,-1
d8ad9724-2be8-4939-8bf4-4d14199237f7,675140ee-0253-4429-873d-17ab90b6837f,f5e509ea37bcf343,f52175e7195b957c,False,-1
399679f5-acf6-45c6-9351-5be1eec62a29,04795039-6bb2-4022-92c4-4eaceb902ec0,aecabc76255af7bc,df163a2c0a14cdc1,False,-1
780e4c3b-62b4-4e7c-8fdb-d9e22c79398c,61b65438-9271-42d4-9bcd-586c8aa58357,50368fef6ea9940c,eaaf25d9eaadd7ac,False,-1
3d1808f5-670f-4844-8944-fc0d4d86c364,04795039-6bb2-4022-92c4-4eaceb902ec0,1833911c6d87b8c9,4688d20287c8b8f8,False,-1
9feafbc5-c6f8-4568-8fac-bdd5e65f55c5,44959ef3-b42f-4e6b-afd5-7a0a81317b14,dcb0e37ebdcac4dd,5191bc8ca5c962a9,False,-1
021b8862-818c-45c9-bfe2-5a245d3d3498,61b65438-9271-42d4-9bcd-586c8aa58357,8ed420331fc64b5c,bf5b527fbbed0b06,False,-1
f7a84620-7a77-45b1-a429-14207825e334,563e43fa-b8bc-45dc-8d60-a4c2093ddff5,dae1ef2d3cbf9831,ffb996398c12f425,False,-1
8f052134-b77c-4538-ba2c-c8bd5074ca2a,a0ed6ea0-9ca3-476e-9643-a23fb566d537,ca9f65d1575731a6,e8c8b65697ad1254,False,-1
53366a72-4673-46b8-8aeb-d096306a3e3f,96d20b35-2b7d-4e89-bcbf-27c84aa35780,3ccecdd915144f25,9a679bb20f9b1761,False,-1
52ab875b-c886-4f7c-87d0-1a6dedb1453e,44959ef3-b42f-4e6b-afd5-7a0a81317b14,a0497589548fc837,19054315f57fbb4d,False,-1
53628efb-a092-4a7b-af47-743f27c95785,a0ed6ea0-9ca3-476e-9643-a23fb566d537,70766543a63a42f4,77b0fa997ba6a8b5,True,5
e6528099-853e-4928-aed7-8c5033f8e905,4a34c787-bdd6-442f-978b-590a62b557f2,aec9ea52e6e27182,eb26fec03d3bc209,False,-1
4de2956d-8ad9-4dd6-a4ed-c8871e7499d6,28870073-fe65-44b5-b52a-6493dc0016fd,55eeae95327bbd82,ff8294fe86546727,True,4
08b2b7f8-e2c5-449b-abf7-df8bd258bb3a,5a65738f-e1b8-43f7-8dea-0fcf02106715,8ed603f6cc8df89f,5eb6fc892dc2cd16,False,-1
09849676-7135-49a9-a1fc-74fd0f6e0235,04795039-6bb2-4022-92c4-4eaceb902ec0,811557abbdf51bc4,a1ba6f6cf1778d47,False,-1
6501e8cf-c3bd-463b-9fef-ecd9c54ade1d,61b65438-9271-42d4-9bcd-586c8aa58357,e12beddaf8939cb1,8108eeb00cdf04f2,False,-1
7f87a13a-5441-451b-ae06-20f9ce4f25d9,61b65438-9271-42d4-9bcd-586c8aa58357,6cb981801a014fe5,35a67b0446a97e2d,False,-1
614c77c0-93c0-4866-961e-dedde08e7f80,61b65438-9271-42d4-9bcd-586c8aa58357,66f38a0c81fdcb8f,3e5c51b19ced96db,False,-1
fae9f744-117a-454c-b311-7c7d927d2e83,675140ee-0253-4429-873d-17ab90b6837f,b88f0c1d81c2bc44,f1b5dae7611701c2,False,-1
c497c1b3-5211-49f4-8357-e073d85a08ed,61b65438-9271-42d4-9bcd-586c8aa58357,77ba440717cf1e27,914cc7075c712c99,False,-1
d721d6b6-e19e-43bd-bc25-91de3c80aa3f,5a65738f-e1b8-43f7-8dea-0fcf02106715,e6016377ffb4b3ee,e405861771e55f3a,False,-1
fd4c64a6-39d2-419c-a460-cf5b1d9199dd,675140ee-0253-4429-873d-17ab90b6837f,320f8cb1a5a41007,4c39f9cba709e497,False,-1
836d6a40-f180-42a7-9f5b-624d9cb2914e,5a65738f-e1b8-43f7-8dea-0fcf02106715,72301a308c1de6b2,0e9b21f6799bdb90,False,-1
035b6db8-ea96-43e2-b599-10181f458a0d,563e43fa-b8bc-45dc-8d60-a4c2093ddff5,ef3dc80e0f7de470,2d15ddf6a99598bc,False,-1
bf12adc4-a655-4f74-9949-5018d93dd4df,5a65738f-e1b8-43f7-8dea-0fcf02106715,443b7138d8fe4822,b1243435aca79396,False,-1
aea56cc2-7989-4272-853c-7dd0343e7840,61b65438-9271-42d4-9bcd-586c8aa58357,9d8e930b8ed5df33,83e65f18e01490ca,False,-1
fcedab1d-a7d1-4e98-9ea5-84b88ce12844,675140ee-0253-4429-873d-17ab90b6837f,d3106758e07d897d,d7b3e614602563cf,False,-1
40c43ea7-e94b-40e6-ab07-4a578630904c,04795039-6bb2-4022-92c4-4eaceb902ec0,396ff67c98148e63,5d22332ab6491b19,False,-1
8043bf6b-8d05-4e58-b5e6-2cba67a28ea9,44959ef3-b42f-4e6b-afd5-7a0a81317b14,784c4d0b5ab4fffe,6e96e224b69b6494,False,-1
f16358c3-bdd1-45cc-bd21-8c3b60b00c57,04795039-6bb2-4022-92c4-4eaceb902ec0,32d9ce9abf14b477,8ced32eb58e12da6,False,-1
906f6a79-5ef8-471c-9e2c-391d8bf5f410,a0ed6ea0-9ca3-476e-9643-a23fb566d537,e3a0e959be42840c,badd074813c9f1c6,False,-1
1ba02689-88c7-422b-a4ae-f878a7a18c6c,96d20b35-2b7d-4e89-bcbf-27c84aa35780,9a5a0f9a744d9260,308efcf632398032,False,-1
86a8c69f-2bd2-46b1-8549-277d2ca75531,5a65738f-e1b8-43f7-8dea-0fcf02106715,1e0715cdf01e617d,0742210badab37d5,False,-1
4eee09b9-b5c2-4f41-96f1-cff70218d085,44959ef3-b42f-4e6b-afd5-7a0a81317b14,d72075eb27ce346e,14da143887cef767,False,-1
7ae71a2c-2799-4181-ba74-3d509d97bbcf,04795039-6bb2-4022-92c4-4eaceb902ec0,cbacee55601bd534,678cb7b0d2e320a2,False,-1
6be8a783-9ce5-422b-8847-629290adcd19,675140ee-0253-4429-873d-17ab90b6837f,8f2b26b0b454fdf1,dc2fca3654efc70c,False,-1
d1ca041e-98c9-4f5e-8af2-5fc59c9a1a8f,04795039-6bb2-4022-92c4-4eaceb902ec0,63a885b7a0077b99,1abde866185b09f8,False,-1
9a29d85c-d266-4f99-b732-dd87babccb85,61b65438-9271-42d4-9bcd-586c8aa58357,b83fa5843110f4b4,9edb4d2669af4b8b,False,-1
665738b4-b1bd-4448-8adc-d1be66d093eb,28870073-fe65-44b5-b52a-6493dc0016fd,714836fbe80397f8,72a2057f8fe1bfe0,False,-1
362ec8e9-b234-4d19-baf1-909eaec64016,96d20b35-2b7d-4e89-bcbf-27c84aa35780,cf20582ff0c235c7,540cbeeb99c95ae9,False,-1
50e6bc73-1711-4494-a3ed-ddacd39a7cc4,61b65438-9271-42d4-9bcd-586c8aa58357,4ebdb8571aa33c0f,4ab12de3cd7ced78,False,-1
98be4940-1a1d-4aee-be40-d556c240d73f,a0ed6ea0-9ca3-476e-9643-a23fb566d537,93adcedd0504db7f,1aac2750b273e6ad,False,-1
f983260f-e318-4586-9a34-b8bcc7e93f46,5a65738f-e1b8-43f7-8dea-0fcf02106715,b8b58166094c03f9,d831c7c5a67a1d5c,False,-1
787903d1-6817-456c-9ee0-663a0ca2f509,96d20b35-2b7d-4e89-bcbf-27c84aa35780,b023154eb27bb282,aea5546d1a064d7d,False,-1
2a2fc95b-2a26-4061-ab47-deb391a39662,4a34c787-bdd6-442f-978b-590a62b557f2,0337a233657c1db9,c9d137321c20b1f8,False,-1
dec5c041-9efd-41f3-a959-4703eefc0a2d,4a34c787-bdd6-442f-978b-590a62b557f2,219c2b2a9adc75e0,e94ae0eceaf93737,True,1
6a0f2da2-11e4-4689-83a6-84d7366c5df2,a0ed6ea0-9ca3-476e-9643-a23fb566d537,1c98b9757cd1db35,8b08d2dc7d9ac60d,False,-1
796adae5-64cb-4ef1-88d7-e75740373ed0,04795039-6bb2-4022-92c4-4eaceb902ec0,c84df8de21015cb9,56073bc7aa9dd5d0,False,-1
d8de8075-3e7c-4987-aa50-3119b552b059,61b65438-9271-42d4-9bcd-586c8aa58357,8326a2010d388141,5812a10f248dc913,False,-1
956c28f0-1c6f-451a-940a-2651cffb65e9,28870073-fe65-44b5-b52a-6493dc0016fd,b28fc63364c22574,5431ce3ae93f574d,False,-1
0dddf9c3-6765-4386-bc2c-8990d4874cbb,563e43fa-b8bc-45dc-8d60-a4c2093ddff5,8735adaa09f2105b,f6d6c948f85a249c,False,-1
0a1ff943-aa6c-4340-892f-ff864fe54cbe,675140ee-0253-4429-873d-17ab90b6837f,021f2ff63a4b84a4,cbeda124dca50099,False,-1
def1deae-7eae-425e-bf2c-88fa01314dff,4a34c787-bdd6-442f-978b-590a62b557f2,307ef86eaa01f86e,752ee891f30d70a4,False,-1
90b98e6c-5150-41c0-a625-fdba0cc49571,a0ed6ea0-9ca3-476e-9643-a23fb566d537,210dff423bf07bbb,c85800e535ab9fdd,False,-1
bb7b5924-808e-4fb2-bb6b-4c6d03dc4e7d,96d20b35-2b7d-4e89-bcbf-27c84aa35780,6d8aa363acaaf768,20cc230a348381fd,False,-1
11640c63-a2e1-4733-95ea-0bfa13c50d94,96d20b35-2b7d-4e89-bcbf-27c84aa35780,a7d02cf89d7fee79,5a564750bd34ba4f,False,-1
ad028353-1117-4046-b30a-078cc470e4fb,61b65438-9271-42d4-9bcd-586c8aa58357,cb751564a1f2a4e7,24242c23b892a4c8,False,-1
a54afd85-3d68-46b8-a0c9-d66f88cf8c7b,563e43fa-b8bc-45dc-8d60-a4c2093ddff5,5621ebcf6e420f13,fd41de26b7167ffd,False,-1
1e162b8b-c48c-4772-88d6-35cd115914b4,5a65738f-e1b8-43f7-8dea-0fcf02106715,4084e96226c64d3a,2673fd97acb39ec3,False,-1
38b58bd4-dd35-4ad7-9b16-1a02c8fcefb4,28870073-fe65-44b5-b52a-6493dc0016fd,bb1ba9bc293ea4b7,c829cccfba0fa750,False,-1
da7da44d-77ea-41c1-a40f-b1807c0a9bda,675140ee-0253-4429-873d-17ab90b6837f,682b46a565647dba,710ee6cf5a1cdc7d,False,-1
9603f260-7e20-4472-91b6-95e18d52d170,675140ee-0253-4429-873d-17ab90b6837f,5e1c16ee00f77cdd,7b819c270b806efb,False,-1
cc532434-5c77-4211-a353-f61bcd6dc77e,675140ee-0253-4429-873d-17ab90b6837f,7bd82aabf748e570,5e22906955684b2c,False,-1
a8f6ffb3-e3fd-4d02-83ae-cd4333233ce0,96d20b35-2b7d-4e89-bcbf-27c84aa35780,2558fc22275df251,a0c4b882824459a5,False,-1
c380b6ae-0bf0-4f7c-88a2-f6f23d7f2d8d,675140ee-0253-4429-873d-17ab90b6837f,018cd7ed1bd5857e,07eba72e96c5a063,False,-1
61908807-c5fe-4647-aba3-013dad010979,96d20b35-2b7d-4e89-bcbf-27c84aa35780,cf03ab2ba8b127a2,41f6050cd6d79235,False,-1
5ec96df4-657c-446c-9cb3-8ec7a8abe01f,a0ed6ea0-9ca3-476e-9643-a23fb566d537,740051f9d6f87703,43b3a816caea0b8b,False,-1
d614748a-baa4-4efd-acbf-5f903caa217b,5a65738f-e1b8-43f7-8dea-0fcf02106715,fd2809f375add5de,165e1df276471345,False,-1
b7e589e6-5c86-4916-8e5e-6d0c42b96ed7,675140ee-0253-4429-873d-17ab90b6837f,36147b26bc563972,dc4eca478c7ba826,False,-1
3959c895-624d-4b05-99e9-dd33aa115124,4a34c787-bdd6-442f-978b-590a62b557f2,f1a50c25e2ff467b,8a72e19b3764e898,False,-1
1dfaf4f9-03d4-4e20-8e1e-5b4db508daa8,61b65438-9271-42d4-9bcd-586c8aa58357,241e540e9659a1e9,37ed7a96676660ef,False,-1
8bf95216-1ab5-4a2a-810d-2d8736fead72,44959ef3-b42f-4e6b-afd5-7a0a81317b14,f60346f025e6a961,9cf137ec523b7fbf,False,-1
860c9599-3864-4233-b8ae-103b00ef0066,a0ed6ea0-9ca3-476e-9643-a23fb566d537,120cf921829b3f4c,4096b00e08c7e4b4,False,-1
1e9f6197-488f-4ea7-bd7f-2b3ed9e8fb28,675140ee-0253-4429-873d-17ab90b6837f,ec084f7f9fc9cdf9,33ed2a8a2ca3ba4f,False,-1
e1313c4b-6661-4797-ad81-cba507b2fd65,675140ee-0253-4429-873d-17ab90b6837f,1ea9539f910d0833,3e0da60a79824e25,False,-1
8f8637ad-30f3-4ee6-9cfc-b4ee2acbb6aa,04795039-6bb2-4022-92c4-4eaceb902ec0,cc3058852db597f8,8276f6232ccd176b,False,-1
62ca36c2-97dd-482a-96a6-493f228a277f,4a34c787-bdd6-442f-978b-590a62b557f2,ca92100042e95bd2,090e959aa148f220,False,-1
a13208a1-e28c-424d-9a5b-7e530edcae96,04795039-6bb2-4022-92c4-4eaceb902ec0,149bab6dfae385d6,53b05f3f33c23977,False,-1
b8823b5a-3afd-4d0e-909c-407f94b3a525,96d20b35-2b7d-4e89-bcbf-27c84aa35780,8bee4311676285a6,4a695b8c415134f4,False,-1
de06787a-d639-4812-b686-6d3f2f93cc4f,4a34c787-bdd6-442f-978b-590a62b557f2,cbfaa123a2409b4e,61915b0985ffc9b5,False,-1
fdee6d6a-7718-458a-b3b0-0ae52a17ce43,44959ef3-b42f-4e6b-afd5-7a0a81317b14,ce673b3579d194b7,7aa8ca11696c4cc5,False,-1
87dfe4e9-af87-43e0-81e6-f3377dcd84bb,04795039-6bb2-4022-92c4-4eaceb902ec0,02f4e28083a92ecc,186c5bd46d4fbb0c,False,-1
b4fa73cc-39cd-4f26-b737-d8b1fcad890b,675140ee-0253-4429-873d-17ab90b6837f,dfafe33e83ec9afe,7469babc069a2879,False,-1
1a12aee8-888d-400f-b809-f26c5e624d54,44959ef3-b42f-4e6b-afd5-7a0a81317b14,1fb6d26412359800,fa308d44399ed6aa,False,-1
8720b63d-cc59-4699-a4e5-057dda016d62,5a65738f-e1b8-43f7-8dea-0fcf02106715,e4e03006701c114d,2e0817a9f7d86496,False,-1
d1afb0ed-5ca1-4108-93b7-ac9fb457e7d6,5a65738f-e1b8-43f7-8dea-0fcf02106715,7a8a9e10173cdeb4,04b4fef93cd8326c,False,-1
b36ef92b-daac-4925-ace1-29c00748647d,563e43fa-b8bc-45dc-8d60-a4c2093ddff5,5e2f0cc123628978,31393e0c14345bfa,False,-1
fd1737c3-8c99-4d1c-9f85-c4c983c9b65b,4a34c787-bdd6-442f-978b-590a62b557f2,2c91a92dcedaca2f,c487d83c02153cde,False,-1
606f0181-149a-4e4e-89c9-fc5d8dda8427,44959ef3-b42f-4e6b-afd5-7a0a81317b14,34466e95825c4877,c12fe9763a8eb9a9,False,-1
1ce605c6-0507-4a4c-a4c9-66190f146378,61b65438-9271-42d4-9bcd-586c8aa58357,85dd75a9ebada086,549fd09b3cfa7517,False,-1
a87dc92c-7032-4574-815d-6a265b4ba6f3,44959ef3-b42f-4e6b-afd5-7a0a81317b14,fa5f0f22ad1872ff,467b03518943b3e7,False,-1
28aa54db-ad8f-4b76-b8a5-bd07021b171d,5a65738f-e1b8-43f7-8dea-0fcf02106715,f570bd8c7e1cc457,816a173566cad83f,False,-1
d823f84e-2232-4d23-849a-b9c37aac0fb3,4a34c787-bdd6-442f-978b-590a62b557f2,c52c394785fa1d7c,d3b30c2d218197a4,False,-1
4d3fe92e-a6c9-4561-89c1-f1074f5a1700,563e43fa-b8bc-45dc-8d60-a4c2093ddff5,31895c865f7b9618,a22de119282aba0d,False,-1
741803a9-2a42-462d-9b81-0784492a152d,5a65738f-e1b8-43f7-8dea-0fcf02106715,792eef11ea888e86,1888a28e9bfd4435,False,-1
aab450e6-5855-4565-9da1-3eb3dc3d304b,675140ee-0253-4429-873d-17ab90b6837f,b491f1a5e9f35c8c,d9d6e3cf8fb0b9ad,False,-1
9b590432-82e4-4971-b1fd-a4ede3fed4c8,675140ee-0253-4429-873d-17ab90b6837f,3c16a0169212550e,33277edd418fdd15,False,-1
d85e0c66-ee1a-49c0-aefc-223ef07311d3,563e43fa-b8bc-45dc-8d60-a4c2093ddff5,50058332cce29c8f,ed7ad33a360206e6,False,-1
18ea95db-d049-4e80-9643-b596d7682330,44959ef3-b42f-4e6b-afd5-7a0a81317b14,4800300b53da8930,116f766793a90b40,False,-1
d2236a01-a008-4ce9-af29-5939731d5ecc,675140ee-0253-4429-873d-17ab90b6837f,554661741baaa27f,6441d89337ee939c,False,-1
a6880443-a559-42aa-8f90-d29692c3b041,28870073-fe65-44b5-b52a-6493dc0016fd,397355dea0531a3f,50e9ba77fef47808,False,-1
221e8bc9-0821-405c-b9f7-c90ff4f5e32e,563e43fa-b8bc-45dc-8d60-a4c2093ddff5,7d8795676c03750a,4dd22960938a8afe,False,-1
1086354f-8402-4781-89b9-a641ec4ac736,04795039-6bb2-4022-92c4-4eaceb902ec0,f8d73b3fa9e0599d,c9f123db6180bd0d,False,-1
c0d8d9b5-34e0-4282-a18a-6878e11041f3,28870073-fe65-44b5-b52a-6493dc0016fd,b714c7cbc1f7d473,0620bbd094d181ef,False,-1
28b6aa8a-0f8a-4de0-9eb9-38e551b466d8,28870073-fe65-44b5-b52a-6493dc0016fd,0dca6a5458ba8c0d,7e42c0706e771d07,False,-1
e3cf9fea-d924-4c07-a13f-8bc18bc13b36,28870073-fe65-44b5-b52a-6493dc0016fd,55231e5041ecfb31,204d1680fbee8aad,False,-1
7cd41cf8-8db5-412a-ae7e-43debf227759,61b65438-9271-42d4-9bcd-586c8aa58357,2c04e7f9ad45cd7f,7ea77d5b47d45a6e,False,-1
7b3cd547-7910-4dfa-92ec-b1824323de2f,4a34c787-bdd6-442f-978b-590a62b557f2,b42569a9864c5276,63928f15b090ffdb,False,-1
6bd9c326-c1dd-45d2-accb-7c73fbdb550e,61b65438-9271-42d4-9bcd-586c8aa58357,32b191d4ee460d3c,0643f63e5c550009,False,-1
2c29a3c1-fb48-4f42-99e4-7cea737a895a,28870073-fe65-44b5-b52a-6493dc0016fd,f0ad0a9c8f56f753,eee08ffeeea87fd8,False,-1
626683fe-312d-4dad-a65b-2cf7a702effa,61b65438-9271-42d4-9bcd-586c8aa58357,47ae03489301603e,76c2674bb42ed8a8,False,-1
d4d8a31a-510e-4dce-bb6e-2571c36ea6a1,a0ed6ea0-9ca3-476e-9643-a23fb566d537,2fafdd3cf7685531,0b348c6214ff1557,False,-1
68871f68-f292-4467-9140-49e46d5fb3a5,4a34c787-bdd6-442f-978b-590a62b557f2,3723d2b6c3b93e93,c315d54fbdf34772,False,-1
a1fe767d-538d-4b59-8f90-fabc68505142,5a65738f-e1b8-43f7-8dea-0fcf02106715,dd6975fd0530d9e2,c6040f8a14151c3a,False,-1
a718e9d5-a282-47da-88c2-d68a9f608395,44959ef3-b42f-4e6b-afd5-7a0a81317b14,6291dafcfe9ca6b0,7bfed7042069b10c,False,-1
7ebaab41-a049-4e05-92fe-ca3a6e9cad3d,4a34c787-bdd6-442f-978b-590a62b557f2,0d5b9da4bc023a0e,3f11b26c68756a2e,False,-1
6ed21f40-05c7-4db9-bbf9-211b6e77dab3,675140ee-0253-4429-873d-17ab90b6837f,ec56b6c9f5d0e52a,519dded41e3b5cbd,False,-1
59039893-0a3f-41bc-b65d-0aaef7012a43,96d20b35-2b7d-4e89-bcbf-27c84aa35780,cec71961a1943547,9cf382e71fa73ecb,False,-1
74771771-25e1-48be-a2fe-ab263226ca06,96d20b35-2b7d-4e89-bcbf-27c84aa35780,6ce50109e71b88c2,ce90fd6a385e07ff,False,-1
6024f805-3afc-4f7f-a35c-1050998da00c,44959ef3-b42f-4e6b-afd5-7a0a81317b14,7c72f8713d6ad51d,e508dcf04a4e401e,False,-1
1dd33e0b-2cb2-4f85-afc1-49dcf6f21818,04795039-6bb2-4022-92c4-4eaceb902ec0,9d5d42e44c1d60b1,dc2fd8cb08b5e0e8,False,-1
6507b636-9e25-4b22-be52-75f21c291984,61b65438-9271-42d4-9bcd-586c8aa58357,a6d05cb225df5015,2b820ab66e333835,False,-1
f17bf129-08f4-46d3-b930-6050537a3273,4a34c787-bdd6-442f-978b-590a62b557f2,e0053c6c8f33eaae,5a5ef9a39bf37473,False,-1
8adb744c-4c78-4a34-8728-b28e7bd7a874,a0ed6ea0-9ca3-476e-9643-a23fb566d537,f5d7c2e526a453aa,2dc27e449a326228,False,-1
7a0a59ca-65da-4745-aca3-86c57add63bf,675140ee-0253-4429-873d-17ab90b6837f,a53f657cfb916294,f3668028c184fb22,False,-1
8ef6f8cb-4717-4bf5-8099-610174257729,96d20b35-2b7d-4e89-bcbf-27c84aa35780,fc774041ea1ffc73,f59aa87548e0c749,False,-1
e4955c45-0afb-4f6b-8722-17b3f5237f26,44959ef3-b42f-4e6b-afd5-7a0a81317b14,03b4a7247a6d1124,3aefcf4222dde147,False,-1
c9285863-4090-4322-950f-9ee6f89efc58,61b65438-9271-42d4-9bcd-586c8aa58357,15bbe0cb95026965,39c151e2cd83f60f,False,-1
0380ca77-0cd8-4be5-9b16-2c3ebc924808,61b65438-9271-42d4-9bcd-586c8aa58357,a3b24262d4f29bfa,e3490cad65561816,False,-1
91beb0d0-7dcc-4064-a820-39cea7dc927d,44959ef3-b42f-4e6b-afd5-7a0a81317b14,68ceaca12f527d0d,e547fadb6e1216f9,False,-1
37dea347-e1fa-4b53-b489-2f1093c8a590,5a65738f-e1b8-43f7-8dea-0fcf02106715,382c9c48484fdaab,3bf490af91608f0b,False,-1
e81874c5-d05e-4011-82c1-aac0b26168da,96d20b35-2b7d-4e89-bcbf-27c84aa35780,342fb3009fea44f0,3695ba808ad19e8f,False,-1
1679a4a3-8a10-458e-bf83-146f33b53713,4a34c787-bdd6-442f-978b-590a62b557f2,193ca0902c32d51f,e1931f42df42c47f,False,-1
6ae370f6-316f-45fc-8abc-a9ab264af3f2,04795039-6bb2-4022-92c4-4eaceb902ec0,63d1368881c75605,269a0f49d768d10e,False,-1
2f750919-f51a-4cd1-8d76-a3425df2c7ea,96d20b35-2b7d-4e89-bcbf-27c84aa35780,044b738d7c5787b3,aac1f4ccd0ac34ab,False,-1
74052ad2-a0fd-4134-bcf1-75e6c993dae8,04795039-6bb2-4022-92c4-4eaceb902ec0,19eb760e2b831c34,b15c8a60ffba80d6,False,-1
5ac90cc6-69d9-47a0-96c1-30e20dbe8cb3,5a65738f-e1b8-43f7-8dea-0fcf02106715,a54e4963cfbc74bc,f1c1687c937c7277,False,-1
cfe9344e-3775-4ae4-9a6b-c4ec558ce6f7,563e43fa-b8bc-45dc-8d60-a4c2093ddff5,470caa3f3150e550,a2de23525adc18c8,False,-1
83d116b7-ef53-44a9-a131-b5e02cedd41a,44959ef3-b42f-4e6b-afd5-7a0a81317b14,159577fa1c01b24d,40eac8c52faeeb98,False,-1
d3b3ab72-9f4d-42e0-9480-a5dc7b391aaf,675140ee-0253-4429-873d-17ab90b6837f,ce7e227e09814ab1,407c50607dd485c5,False,-1
3fa8bc23-47c2-4eff-b06d-3affe30b0da4,61b65438-9271-42d4-9bcd-586c8aa58357,4290c9e3b8ba4df2,1fd03fa5caa53cce,False,-1
941f5e1c-4cdb-4eed-8f34-d5135a22e5d0,563e43fa-b8bc-45dc-8d60-a4c2093ddff5,71c9a3b32010ae0d,38e076e6318d2bdd,False,-1
69e073bf-f107-4e03-ad76-5417343ff4f4,4a34c787-bdd6-442f-978b-590a62b557f2,cb46b2dda14f0dbe,9af448bf316aecd1,False,-1
4c75689e-8da7-4d0f-913e-fbf9756129e7,675140ee-0253-4429-873d-17ab90b6837f,0baee0a2a0829679,754b53bcb41d228f,False,-1
05c35c16-aaf6-409d-9e02-beee48832661,96d20b35-2b7d-4e89-bcbf-27c84aa35780,ac6aee7bac60078b,9135fd204cd89904,False,-1
38e796cd-9b6e-456d-8320-d24224609486,5a65738f-e1b8-43f7-8dea-0fcf02106715,1b405429b40ae1c1,9bb2af11300c1bcb,False,-1
1aa889b0-5e72-404b-b633-91aff21953f9,04795039-6bb2-4022-92c4-4eaceb902ec0,7c2a445a5647ea82,4d7a148c172f1fca,False,-1
481e1c04-9508-4add-b328-2f35efa3a1af,5a65738f-e1b8-43f7-8dea-0fcf02106715,d134b93a9e13abf6,717058667e0ab5a1,False,-1
3ce85a00-1e5d-455e-9cfd-f42fa2870a20,96d20b35-2b7d-4e89-bcbf-27c84aa35780,d0889b08b35b3612,fe40d8b7efbc47e0,False,-1
0fbaf32b-b2c3-46f2-b365-de524a35bc9b,28870073-fe65-44b5-b52a-6493dc0016fd,14b6f7139431653c,afec0a19419205cd,False,-1
53572a8a-cd8a-41c8-aae4-15a0be996a50,61b65438-9271-42d4-9bcd-586c8aa58357,76f4a3178dede822,797521793a83622a,False,-1
2ab1128c-50f6-473e-8555-18a83c9ec658,4a34c787-bdd6-442f-978b-590a62b557f2,a07d07167b2173fb,d84364022355bc51,False,-1
9c2f39d7-7b61-4567-8ed7-6a4a37a99f96,5a65738f-e1b8-43f7-8dea-0fcf02106715,c673af654087bb56,e2a0c6d25a414b01,False,-1
b0109067-f4f5-42c3-a5ab-8e3e3de9bfef,04795039-6bb2-4022-92c4-4eaceb902ec0,eb73c24a33d6f94e,20dac7755d193982,False,-1
1d8e681a-5fa2-404b-88b3-ff5c7f9d3027,4a34c787-bdd6-442f-978b-590a62b557f2,8cbeda27cd0644fd,da2bb2921ae3ae7c,False,-1
78ab3c46-74c1-4c92-b981-a6f049eddbbc,675140ee-0253-4429-873d-17ab90b6837f,2df4c99d5ccbfd3d,86dedab4a08f12a0,False,-1
6534ef41-321a-4a7b-9ff4-4fc9330b3021,61b65438-9271-42d4-9bcd-586c8aa58357,6f5a6d0533aeea68,388f153911f03115,False,-1
76e98773-d590-4d92-8223-387396a0a93a,563e43fa-b8bc-45dc-8d60-a4c2093ddff5,396ec40b51d11188,fc9988b7300e3b08,False,-1
4aa0a559-a847-4f1c-8154-c69845298700,61b65438-9271-42d4-9bcd-586c8aa58357,22158933f2a728e3,a110f974710ec96d,False,-1
193d96c0-65a9-4c07-878a-4fe920d5519c,4a34c787-bdd6-442f-978b-590a62b557f2,a07bc363a5362d35,ec34b920d6f5144b,False,-1
e77a95f1-24ec-49a9-9d65-bfa7d11a4c61,44959ef3-b42f-4e6b-afd5-7a0a81317b14,29f70fb55a46507b,6f1a44193c9abb69,False,-1
c8a7c848-71e9-43ff-913b-0eabaf33d66d,44959ef3-b42f-4e6b-afd5-7a0a81317b14,67906194fc1853b8,c2195a75cea944d8,False,-1
7766cf24-0459-4fa7-ac77-64b78d76718d,61b65438-9271-42d4-9bcd-586c8aa58357,c5b83da14b725776,0b29150957214116,False,-1
c16d08c8-18a1-4405-b284-015ad0413500,675140ee-0253-4429-873d-17ab90b6837f,cf95b87bd2e9db7e,4324c6633ae8cb5a,False,-1
7aea2fe5-ba17-41fc-8477-b643adc17682,04795039-6bb2-4022-92c4-4eaceb902ec0,a8e506fdd2c897e3,5b5dabd7cf079683,False,-1
72309112-8024-415f-8eeb-0bb77b20b644,04795039-6bb2-4022-92c4-4eaceb902ec0,cdaad4f9f1c999d1,2e003d19b92a6796,False,-1
4adccbd6-5f4f-47fe-bd7d-94b19d35e2e1,5a65738f-e1b8-43f7-8dea-0fcf02106715,4a4d1c94ca8d4c0a,9b21936a1b8cc901,False,-1
dd8b03b7-2c01-4778-a2f5-a995498822b3,04795039-6bb2-4022-92c4-4eaceb902ec0,8ea6fcc3b8f8376c,b5802ba94a415d78,False,-1
a13e94fe-2358-4e21-a054-4ed585dfa9ac,44959ef3-b42f-4e6b-afd5-7a0a81317b14,6b22c8b46dda9dd3,b7057a80a38bd4a5,False,-1
c88259e4-1fef-48e4-8289-eeace7c67e29,675140ee-0253-4429-873d-17ab90b6837f,b004693ef761998f,21973b069c73bad9,False,-1
64e616e9-9f1f-4978-b1ec-f3cd48dce0c9,5a65738f-e1b8-43f7-8dea-0fcf02106715,4125279c0548ea81,b52c52c4508ca155,False,-1
6a63d52c-217c-4065-ba31-81f5ac796845,563e43fa-b8bc-45dc-8d60-a4c2093ddff5,92b82dc8b0553a2d,c4b5473c4170a6eb,False,-1
15e00613-5206-4dc2-a6c8-99de759ce9e2,675140ee-0253-4429-873d-17ab90b6837f,38b769ae47d4eca1,be7edb4165fd2a9d,False,-1
0006369d-2459-46f4-9e45-b22dc9963b47,4a34c787-bdd6-442f-978b-590a62b557f2,39e72f409bb0f393,e4a72ef655aae6c0,False,-1
81e8148a-0e5d-4e2f-b7e1-a2db61f3eda6,675140ee-0253-4429-873d-17ab90b6837f,c628eefe8fc17429,435063bedf74766e,False,-1
dd8d80ac-128d-474e-9bf8-baed4a4912b2,675140ee-0253-4429-873d-17ab90b6837f,90eed5aa10a8ad11,144811cf39e21af0,False,-1
9a645643-1d24-4ff7-90c3-4eb0e80a1ff4,44959ef3-b42f-4e6b-afd5-7a0a81317b14,439150fd0f869d6e,b06a53ed085b0479,False,-1
1df04675-e062-493a-ad0d-cdcda0e90c82,675140ee-0253-4429-873d-17ab90b6837f,a06b8fbcee43d07e,38cf40241c5887fd,False,-1
8fcc88f2-8be8-45dc-9765-1f9925c8569c,28870073-fe65-44b5-b52a-6493dc0016fd,03de8fde71adf1b3,cc20d9090171ab49,False,-1
680a6e7e-f209-47cc-9b43-8d5000b06d33,4a34c787-bdd6-442f-978b-590a62b557f2,6c5b9208e186c3a6,38eb052b0b34899e,False,-1
4009161b-ef60-44f6-9783-50fcf5fe379b,4a34c787-bdd6-442f-978b-590a62b557f2,d1aadd49104aca85,ec96de6edfafdbff,False,-1
9d542f12-59ec-498d-8de1-e24849676120,4a34c787-bdd6-442f-978b-590a62b557f2,acb91635c7af2cda,044329d046741844,False,-1
defa552b-06a5-4569-aba6-f286df6601c9,28870073-fe65-44b5-b52a-6493dc0016fd,5ede2eabfdcc1a7f,ab0136184f8028f0,False,-1
5d7c24cc-ab48-4e89-b1e5-0ea8431bddf3,61b65438-9271-42d4-9bcd-586c8aa58357,7036e7a279b71d74,ecd8b10b0d69f389,False,-1
f59a5565-c0d9-4187-972b-d361dc092b51,96d20b35-2b7d-4e89-bcbf-27c84aa35780,a7e9d29316538759,295f90e4cb1fdc1a,False,-1
3ec4fee2-8031-4914-b9ba-18f621d1010a,28870073-fe65-44b5-b52a-6493dc0016fd,f3b111a2daedbf3e,3afb21f2da501009,False,-1
dcc6d201-cb2d-4eeb-ab11-215c0ef6cdb4,a0ed6ea0-9ca3-476e-9643-a23fb566d537,0ebdf2d8726b7dcf,7d8c7c0d00a0b0a1,False,-1
2343e73b-dca0-4d31-9f01-07dd2bfdbc03,a0ed6ea0-9ca3-476e-9643-a23fb566d537,c52ab1ddfba3ae03,6bfea7f65b38ace1,False,-1
640d2e67-9f52-4ca9-aa1f-adc71cd62805,96d20b35-2b7d-4e89-bcbf-27c84aa35780,3b27bd731cb398b6,5f3fb34f11b9eb4a,False,-1
31131e90-8d87-4b7e-ba6a-d5e698531218,4a34c787-bdd6-442f-978b-590a62b557f2,48b881552a68613f,7727f0203c87e452,False,-1
dc8732fe-d714-4fa7-ad9e-8716cef110d5,a0ed6ea0-9ca3-476e-9643-a23fb566d537,47fae946932fe356,2be0fc0cdb9aed6b,True,5
becac69e-a2bc-4c63-a334-310e83e4e291,44959ef3-b42f-4e6b-afd5-7a0a81317b14,f96e7879c4cf10f6,994d37b1993ce209,False,-1
06782bb0-051a-4ba8-b9c4-61e34fd67a61,675140ee-0253-4429-873d-17ab90b6837f,92cb7834023028b1,5632f302557d28bb,False,-1
75f29968-1dae-4567-839d-b7619ef3bfab,44959ef3-b42f-4e6b-afd5-7a0a81317b14,bc928681e231b828,1b4d5c746180b475,False,-1
f1adaa7c-e673-4d26-ba59-418e720c2aac,04795039-6bb2-4022-92c4-4eaceb902ec0,cae014704aeb9a01,d801d6ca732caab1,False,-1
dd89a117-cc97-421d-b928-a7c03db139b2,44959ef3-b42f-4e6b-afd5-7a0a81317b14,36ba1d8f55c0e792,7ca562230762d4b3,False,-1
e6fc7789-5b9d-4382-a9b0-084782561b58,61b65438-9271-42d4-9bcd-586c8aa58357,413be8eaf6823e80,e6d1425251aaf70b,False,-1
b4f7feb1-a14d-4eba-a1a6-9d7e93b11a16,a0ed6ea0-9ca3-476e-9643-a23fb566d537,cef4baffca02744c,3402ce6509177448,False,-1
14780aed-24a2-46ab-a77b-2ae3671936cb,563e43fa-b8bc-45dc-8d60-a4c2093ddff5,72de55e6c8f55196,adbd6cb23c27bbd2,False,-1
650e2c2f-65e5-4677-84a9-7a76ded4df49,563e43fa-b8bc-45dc-8d60-a4c2093ddff5,65da436721a4d4a0,971025fdf826e328,False,-1
62cf9c86-f9ea-4099-9e54-4c63562e09dc,5a65738f-e1b8-43f7-8dea-0fcf02106715,bc7a37c0f9c6030b,643ed3463bb013b4,False,-1
6ed5ae66-e0ed-4bb3-8843-b2dbc7c5053a,675140ee-0253-4429-873d-17ab90b6837f,beb2de84919cb0a8,a512fe9b75052ac4,False,-1
282454f8-3d17-478a-b015-d19c42d7a3d6,4a34c787-bdd6-442f-978b-590a62b557f2,c3a2d28556ffb2bc,aeb1cacccaf18696,False,-1
1bc6b6c0-5bda-42e0-b085-38bf4674e74e,675140ee-0253-4429-873d-17ab90b6837f,54c082e2686c6cae,843751f25f425f62,False,-1
389ee4dd-a4bb-4b44-b771-4753f82af1fb,61b65438-9271-42d4-9bcd-586c8aa58357,a5a8920a5163331a,70ea6e430dcb1ffa,True,3
92f8ccc4-6618-4d38-9380-8bf7b560088d,675140ee-0253-4429-873d-17ab90b6837f,ceb49231c87f09a9,8c7b4981cd0ed7cf,False,-1
abf74199-bf1d-42d4-a441-653b19de690d,96d20b35-2b7d-4e89-bcbf-27c84aa35780,189e94e6906d3908,e5f8cfccd457690d,False,-1
cb4a9df5-07ff-4a95-9633-3573d02f3b47,44959ef3-b42f-4e6b-afd5-7a0a81317b14,8dcc51f3f7f13bff,680c192a0727bd91,False,-1
89082d05-9cfc-4cbd-b876-42579266bcc8,28870073-fe65-44b5-b52a-6493dc0016fd,6e45997822463c53,87c0b6321a134acd,False,-1
ca95e382-9f79-4597-b9df-c4f8caede3be,4a34c787-bdd6-442f-978b-590a62b557f2,ac1cb6b11c7d9fcf,8a50b9279c305b22,False,-1
2eca3677-8530-487e-a4e7-ea77a942cb15,61b65438-9271-42d4-9bcd-586c8aa58357,d2ebc4c306ff84a7,68c503fcd84a02dd,False,-1
d16e31a9-6a76-45eb-a4d6-8b370ebfdaca,675140ee-0253-4429-873d-17ab90b6837f,58b0e2ab52f98f15,c84c7bdd6f1b397d,False,-1
a9459d48-7c63-4a2a-96cf-03258c120494,96d20b35-2b7d-4e89-bcbf-27c84aa35780,98a96cb3f57fe362,b5c1108f7c56da9b,False,-1
0d0990d3-b6aa-47aa-b15f-3165b726f7b6,04795039-6bb2-4022-92c4-4eaceb902ec0,2d76e32dd3d86c8c,9a00332bdd6dfd34,False,-1
aa044518-5602-4e10-9b98-e1d87b1104f4,675140ee-0253-4429-873d-17ab90b6837f,33ad01233d655749,b46ea66916a070af,False,-1
02e4ddcd-6720-486a-9d93-a07a6ac6e8af,44959ef3-b42f-4e6b-afd5-7a0a81317b14,482b75479dfa272f,cd5231a5ffd5eadc,False,-1
87a9c57f-9c02-4541-8650-ebd5b68b65e6,675140ee-0253-4429-873d-17ab90b6837f,2ba4c4616dee9812,d23f902ba9b1480c,False,-1
dde6968b-b340-4ec7-a2a7-d02d9b4aa500,563e43fa-b8bc-45dc-8d60-a4c2093ddff5,8a57f874e611ba71,ce334b362a8cb874,False,-1
7ae603e1-bf9a-4c82-8523-31c6374e5c5c,5a65738f-e1b8-43f7-8dea-0fcf02106715,a79b5c5bf50a7c1b,36a922293d64bb6b,False,-1
70538fdd-f596-4aec-ba2c-37c9bc52b584,61b65438-9271-42d4-9bcd-586c8aa58357,84e68813a75fff34,53c9e85743ebd49c,True,7
49cd1c4c-f223-4956-ac3f-995c85da633a,44959ef3-b42f-4e6b-afd5-7a0a81317b14,b081e549c22a42c5,40c37c77924a04cb,False,-1
107f0660-cc9b-44dc-a284-39d7d1615102,563e43fa-b8bc-45dc-8d60-a4c2093ddff5,a3156eb6ae96eae8,add49d710d2f4cd7,False,-1
57c6f345-c06f-4f66-9ed4-dba1d3080c4c,61b65438-9271-42d4-9bcd-586c8aa58357,269174b18e2090b4,30f57d89c2a77aeb,False,-1
9fa8d869-6801-439c-bf56-00bb9227ddd7,28870073-fe65-44b5-b52a-6493dc0016fd,323febb09fbe6fe2,11c0143985533b7a,False,-1
0a250d25-cba1-4010-85ea-aa19c1131c49,a0ed6ea0-9ca3-476e-9643-a23fb566d537,6171ac3b912bd6a3,1cb178f7536ee73d,True,4
9c0e7c28-1eb5-452c-afd7-17e187dca11d,04795039-6bb2-4022-92c4-4eaceb902ec0,f4b0ffb9d77c753e,126d22858a7ef061,False,-1
d670f303-0594-4878-a2f4-9064fe369382,96d20b35-2b7d-4e89-bcbf-27c84aa35780,ae7d19a5145537fe,9482cad3e47b7718,False,-1
b2255312-39c9-489f-af6c-c9b87bf78c99,28870073-fe65-44b5-b52a-6493dc0016fd,12dda6fee5c555e0,ab0b011abefc3cbf,False,-1
db33082f-9d72-41fd-aabc-c62f223ec067,04795039-6bb2-4022-92c4-4eaceb902ec0,3a1d4be6f9672cab,0ea8a30b32f4364e,False,-1
8c767e56-2095-47ad-afbc-b8e585a37b3a,96d20b35-2b7d-4e89-bcbf-27c84aa35780,d0a53c93ebc02f86,db822fec39b9b755,False,-1
2e8b7431-7b98-46f0-b120-915bf063fd74,28870073-fe65-44b5-b52a-6493dc0016fd,bfe9e56b7d178d9a,f383c969ab06f89d,False,-1
a6709b8d-df0c-44d1-9307-6271ac972193,4a34c787-bdd6-442f-978b-590a62b557f2,a7ce8a6368338d88,680ef55a7b4cacbb,False,-1
c7844d3a-7f08-4bc9-a4ff-5902a7f901a6,a0ed6ea0-9ca3-476e-9643-a23fb566d537,6a5d77698019c174,ac092f15260a5cdd,False,-1
b5d99ce0-5c86-45d7-b838-a1e2017b0c16,96d20b35-2b7d-4e89-bcbf-27c84aa35780,40070f5622ac22bf,fe5a4db9eb64319b,False,-1
a3f3d3c7-0cc9-42b0-9632-4ba9de4b08c1,96d20b35-2b7d-4e89-bcbf-27c84aa35780,9c6b722002084d41,c112fd92e1ec8c74,False,-1
eaabed14-1ae4-4340-96d0-4c5205aa5e4f,5a65738f-e1b8-43f7-8dea-0fcf02106715,f3983566684d10db,8a0b3174b6dd3a53,False,-1
d96f733b-f2bd-4c8b-b225-b4db76d427b2,5a65738f-e1b8-43f7-8dea-0fcf02106715,b4c9e6b5395129c6,aadb0db43677d4b6,False,-1
4e20486d-5b29-4723-b560-b28b9027319a,28870073-fe65-44b5-b52a-6493dc0016fd,22d6a7a7c8213ce9,f2df4e8d044dd7e2,False,-1
47ba81f3-ae61-4480-af13-094b46537850,675140ee-0253-4429-873d-17ab90b6837f,95bab8957a631d8c,81e45fe2e0e37070,False,-1
8ba91bcb-87be-41e6-9ae4-59223d37db4b,96d20b35-2b7d-4e89-bcbf-27c84aa35780,a2fddd826f4877fb,bcf48bffa76fbd35,False,-1
1763472d-5a73-4d23-a006-9fa6a4a682fe,4a34c787-bdd6-442f-978b-590a62b557f2,c2f005a5e4d6f8ec,05b90859ed2edc1d,False,-1
4773d717-584c-4bda-afc3-0d1104026d67,4a34c787-bdd6-442f-978b-590a62b557f2,1f6f6fbcf0644176,330092464c82b995,False,-1
453ebbdc-05ca-4bae-8555-37bbc0a5b380,4a34c787-bdd6-442f-978b-590a62b557f2,0e811acb8a859429,cebf125c67f8bcc6,False,-1
cd236b15-daa7-42f3-9c6b-e4e738095c51,675140ee-0253-4429-873d-17ab90b6837f,fd1a6b1b2de97246,b4ee0359808f9022,False,-1
fc92c90f-3e80-4c3d-a280-82f96b9f7dfb,44959ef3-b42f-4e6b-afd5-7a0a81317b14,b64dc088141f1fd2,ac2b910c3db61c3c,False,-1
cf23b20a-6f46-4ac0-8aaf-2541b0cb7059,5a65738f-e1b8-43f7-8dea-0fcf02106715,7bdb319ce1c7035a,3752c4ac6bfe8a40,False,-1
fe8774a7-3857-441e-976a-ff8c277f180f,4a34c787-bdd6-442f-978b-590a62b557f2,9bef5cbf3d5f1968,50834219103051f9,False,-1
d9d44e1c-ad9a-46e9-950c-bb46319e08c9,44959ef3-b42f-4e6b-afd5-7a0a81317b14,17f02dfe3e0e1dd5,df76f51d77f34876,False,-1
4b8c1cd7-d765-4459-8e29-0c05c69585fc,44959ef3-b42f-4e6b-afd5-7a0a81317b14,0f1029eb35ebeec9,5fe271c6fd202d08,False,-1
5244b439-334b-494b-9a5b-f37e3ca88c6d,a0ed6ea0-9ca3-476e-9643-a23fb566d537,5abba9e2e7af6f05,9b59f1becda86139,False,-1
0c20daf9-4d25-4d98-8423-463f1bdc37fe,563e43fa-b8bc-45dc-8d60-a4c2093ddff5,8c31e4a03512cb27,3f74e4b06ccb98d1,False,-1
dee61b51-543f-43e8-9b51-6f67f5f3143a,675140ee-0253-4429-873d-17ab90b6837f,5a96a75806e8a611,d32ea8b6a6e404cd,False,-1
b0c50594-57c5-4087-8561-4dec16c3728f,96d20b35-2b7d-4e89-bcbf-27c84aa35780,cb1b1d7ced592fb9,d8640a8372934b4f,False,-1
37b58930-55f6-480c-a9d8-9bf6212a2dee,04795039-6bb2-4022-92c4-4eaceb902ec0,ea91876d6eb65065,2ff50043218f9c27,False,-1
97c557ef-db19-46d7-88e0-72a1b2d5ccb2,563e43fa-b8bc-45dc-8d60-a4c2093ddff5,52641fd044cbd4d2,7cbfa721ba22abdb,False,-1
86294cb9-d427-478b-ba04-e5022f031800,5a65738f-e1b8-43f7-8dea-0fcf02106715,6ee6716cc8b863d3,d280ae94ec29ebea,False,-1
64700c92-82d0-4af4-bb19-dfc5d280d018,5a65738f-e1b8-43f7-8dea-0fcf02106715,f0867b70f8e8ee6c,cf1ae2c5ae088938,False,-1
b6b47d69-8d56-4f0d-bdda-9535cd75f435,563e43fa-b8bc-45dc-8d60-a4c2093ddff5,a8f285a5d30a8ae8,06f2b1b24048c794,False,-1
a6a38092-9888-4c03-8e37-f79fe6fbccb8,4a34c787-bdd6-442f-978b-590a62b557f2,7634324b09166b81,f9bd7c8276ea4679,False,-1
c17703eb-e33b-42db-a4df-65af3cc43b17,28870073-fe65-44b5-b52a-6493dc0016fd,f9d23ed901eb857f,a5b0ee9cee8d2288,False,-1
3ae21c1b-71a0-459f-beff-cf82a5623558,61b65438-9271-42d4-9bcd-586c8aa58357,cb59212c73e081d0,a0dc7141d7cfe9b2,False,-1
8c277c61-4427-481a-9dc8-8acd7b6e042c,4a34c787-bdd6-442f-978b-590a62b557f2,415e963665e47d10,cf181ea1522fdf0e,False,-1
890b713f-7ff2-4a23-92a8-31b260b14bc6,28870073-fe65-44b5-b52a-6493dc0016fd,f680f712f6abeee0,403a8149dd7015d7,False,-1
69ae3b1f-fd89-4b5b-b85f-f3504b718ed0,4a34c787-bdd6-442f-978b-590a62b557f2,b49e90f404ef2fc6,b52c574e68556a25,False,-1
8a866607-2322-4850-8360-8dd11ae0d7cc,96d20b35-2b7d-4e89-bcbf-27c84aa35780,174bbbb94b04225e,c0f5284c2b198b74,False,-1
c0bfea2d-b524-4dcd-8bed-0fe7324f7f1b,5a65738f-e1b8-43f7-8dea-0fcf02106715,eddcb26304ed4492,9304a99af6389a01,False,-1
22890b39-3da8-472c-8632-ae56e286c0ce,44959ef3-b42f-4e6b-afd5-7a0a81317b14,19aef01ebba7aba6,2f77f2c7ac6029f5,False,-1
29051a9d-ca87-4910-ac8b-18640628c4e5,5a65738f-e1b8-43f7-8dea-0fcf02106715,5e6e5b1bd51b0906,e9734d107b41d6e8,False,-1
254dff2d-b8a6-497f-8665-1546731f3230,5a65738f-e1b8-43f7-8dea-0fcf02106715,abd3c3a5cd10166c,87e62879e866fff9,False,-1
88354b7f-4785-45b7-81a7-b6975c331933,44959ef3-b42f-4e6b-afd5-7a0a81317b14,0a0f5bc8b8c3a779,82c76bee1c6519fb,False,-1
02f8d565-1984-4e08-ab42-fdbec861ab76,96d20b35-2b7d-4e89-bcbf-27c84aa35780,1ff039c0dadb3d6f,78bf630ddba788fe,False,-1
6fd0057a-a596-42b7-89bd-c5bc6eacbbd0,675140ee-0253-4429-873d-17ab90b6837f,0740a9291bbb67fc,d41ce5323e7833b6,False,-1
44763b70-575b-47fd-ba63-c9a2902f217f,44959ef3-b42f-4e6b-afd5-7a0a81317b14,d5f604bbfd3b6f87,f93830843bf059a3,False,-1
e2be739e-1942-47a8-98d4-512b58953e75,61b65438-9271-42d4-9bcd-586c8aa58357,ca620c1b37c16244,6840cc7efa827395,False,-1
17a6fddf-d439-4558-8509-3f02f0f75881,04795039-6bb2-4022-92c4-4eaceb902ec0,74bb1334bcbf6dec,a37c16c636b59aed,False,-1
906022f3-cb93-47de-bc05-6cadcc15422c,44959ef3-b42f-4e6b-afd5-7a0a81317b14,6a526bd3a371f035,84be3fc83274b9d4,False,-1
d992d9b0-7f29-459a-b91a-261ff09a9353,a0ed6ea0-9ca3-476e-9643-a23fb566d537,b9d49c59e73f918e,1fa28d7aae792dcd,False,-1
17599edc-446e-4ad5-a213-0fe90e3d12a5,96d20b35-2b7d-4e89-bcbf-27c84aa35780,abe443941b1f0b51,5a778c856ad39beb,False,-1
a72501e4-cb2f-42a5-9a66-763bffe45bfd,28870073-fe65-44b5-b52a-6493dc0016fd,3feaa6971634bd23,b73d0b6b44ac2cd2,False,-1
123d6db9-690d-47ab-8ac3-eaeebc0cf991,61b65438-9271-42d4-9bcd-586c8aa58357,3065d2d8104763dc,bf8692552c54db8f,False,-1
8d3466fb-d573-431c-a8d0-dc263f8ea359,44959ef3-b42f-4e6b-afd5-7a0a81317b14,ffd0cde4e4f08ada,b9c0194bd8b15918,False,-1
736d14d7-3f73-4e3c-a6e5-218a09f73d98,04795039-6bb2-4022-92c4-4eaceb902ec0,df2fc3cac2c61ad6,a4f18194a52ab263,True,6
91af4c50-0587-4fae-9ef2-4d18861dcae8,a0ed6ea0-9ca3-476e-9643-a23fb566d537,74ee8ae0e0b85dd2,b6381fb28e530776,False,-1
4fb643a2-cab2-42ac-bdd1-4261d3fddd4c,61b65438-9271-42d4-9bcd-586c8aa58357,adf15645452752f8,c6bdb3acacbb9cd0,False,-1
bd4de212-43de-45c3-9986-13d9ddb7efb7,28870073-fe65-44b5-b52a-6493dc0016fd,e1c695400882787c,eb1b8cfd002d42ae,False,-1
5f8a1428-d245-499f-bdd3-228252a51868,96d20b35-2b7d-4e89-bcbf-27c84aa35780,09b727799d6c1a68,94d0cbac95a09ccd,True,0
91fdf1a5-3905-4c57-a25b-152ac0b7fa92,61b65438-9271-42d4-9bcd-586c8aa58357,f1d4c6d2f86570c9,587d6f35c4e07c4b,False,-1
ca1b42d8-3bb5-406a-bcd7-ac65617dfd8e,5a65738f-e1b8-43f7-8dea-0fcf02106715,e6da7e476ddc2446,960687bb78d67a6c,False,-1
e22279cd-df09-4d25-a3d4-dec1dff203bc,04795039-6bb2-4022-92c4-4eaceb902ec0,74f5451bd8d6c73d,89f4bd8ca57d98c1,False,-1
a8d348fc-5c62-40f6-b20f-d64a3f2db7ed,675140ee-0253-4429-873d-17ab90b6837f,b6c6d71ef9f1bf14,6395384312bd4ff9,False,-1
9f2e4e85-fd67-472d-940c-de6e706f97c7,5a65738f-e1b8-43f7-8dea-0fcf02106715,30c85d7981aec4d3,0934c6b63f446642,False,-1
fa45e774-6409-4ad2-8d27-7828626d07cc,675140ee-0253-4429-873d-17ab90b6837f,5a1f6432912595f8,6ad76780a6191b5a,False,-1
42ff4a37-e1aa-4ede-9692-24b5bb51b2fd,675140ee-0253-4429-873d-17ab90b6837f,8330bded0fe15685,3fd375f43f605b11,False,-1
429ca5e6-7844-4254-bc85-68fe9420e6bc,4a34c787-bdd6-442f-978b-590a62b557f2,0c401ea8e750f879,12feb814da40fd1c,False,-1
c5e7f233-28ac-446e-ba2a-b6279ebf58f2,96d20b35-2b7d-4e89-bcbf-27c84aa35780,00f4ae75404c6a5b,1f32d4f0bc00406b,False,-1
a5d579ba-863f-4720-85d1-15cb4f65e7ce,28870073-fe65-44b5-b52a-6493dc0016fd,09baeb6a98d38bfd,5d39ab32bd51f639,False,-1
a103c8d0-a1d0-4f1e-b154-1ac2fa9ca888,675140ee-0253-4429-873d-17ab90b6837f,51dfc4d7cf4fd3f3,ebb14e6bee2b9fb8,False,-1
a8b62c79-7715-48cf-8ef9-ac16ce06a487,675140ee-0253-4429-873d-17ab90b6837f,321b472e899e68a2,1a32a18f06314849,False,-1
07381e00-328a-44c6-9c65-11a3a1d63887,5a65738f-e1b8-43f7-8dea-0fcf02106715,3343e326f13f6b46,0377d639975c1564,False,-1
2cf92892-98d0-4c18-9092-4f6744fbb07c,61b65438-9271-42d4-9bcd-586c8aa58357,edca3c1fecb850f9,ab4a5ee9c792b51b,False,-1
e7a0c7f7-ea17-4abf-8672-0650aa72b0dd,563e43fa-b8bc-45dc-8d60-a4c2093ddff5,176b18bf525b6055,171bc02f2355ece9,True,0
75c920a0-b62c-4d79-bac0-f39a46e22745,61b65438-9271-42d4-9bcd-586c8aa58357,150d685edf193c6f,318f0083700e9182,False,-1
787f8528-2dd2-4995-8477-8957364bb132,28870073-fe65-44b5-b52a-6493dc0016fd,9497a2846a41346b,33b265bf9fa627fd,False,-1
e4ff5498-0226-4eef-bfc1-d2e503d8c9e1,61b65438-9271-42d4-9bcd-586c8aa58357,88c0eebfce13d792,ba451af5dfb7c7c0,False,-1
f9356e01-fe96-4c26-8a0b-d2866df9eae9,04795039-6bb2-4022-92c4-4eaceb902ec0,057531819c8b7a5e,c3403cdd3cfdac58,False,-1
adfd864d-e708-40b6-b167-a9e129e793c0,675140ee-0253-4429-873d-17ab90b6837f,0949c1f1c385e24b,3ab029b77a6b8eff,False,-1
685029fe-2af8-4052-97de-df8e3dc7a557,675140ee-0253-4429-873d-17ab90b6837f,711051392b3d98e8,4d2fffb5bb8e9432,False,-1
9b1c7ece-dfdf-4079-979d-612583313568,675140ee-0253-4429-873d-17ab90b6837f,97c7d9a11624fdb4,7e0f02cf7ef85239,False,-1
21329b7e-1a35-4e5e-a50f-6b2485472f25,61b65438-9271-42d4-9bcd-586c8aa58357,f2e4fc4ee92fc01f,042e2b8b44e1b64a,False,-1
ddb3bf8c-ae30-4580-963f-9dbaa0e82996,a0ed6ea0-9ca3-476e-9643-a23fb566d537,05d886dd667da568,ab1f72a9ba1d35b5,False,-1
a2ef2cd8-f883-4f24-a991-8f8faa6a45be,04795039-6bb2-4022-92c4-4eaceb902ec0,aaf98818a70e9f2a,352895c11708dfc6,True,2
b723f342-c4d3-4cf1-a44a-94ab0f48011b,675140ee-0253-4429-873d-17ab90b6837f,f37d6069bad9f574,c7d29340b2511788,False,-1
9a44a18b-4c5c-4480-bfbb-33a2ff4cb19a,44959ef3-b42f-4e6b-afd5-7a0a81317b14,7d4df42c21c78710,19e2785809aa3694,False,-1
035efb15-b8ad-48e7-8f06-67f5ba3ddf2e,675140ee-0253-4429-873d-17ab90b6837f,3f473ce506d475aa,e4157f732c7e1e30,True,0
e176df38-1dd0-428c-8ab4-1322b2a0dd21,563e43fa-b8bc-45dc-8d60-a4c2093ddff5,fdc856c4a8a08ddc,86c935e80170169f,False,-1
4ae858f1-b322-4aca-b0bd-a4eba1292210,28870073-fe65-44b5-b52a-6493dc0016fd,64c28c7b8afe1114,a7672fbd450d0352,False,-1
0ea88922-c600-46ba-8f86-458c3340e2b3,675140ee-0253-4429-873d-17ab90b6837f,74c8dc5dddccf5a2,793c53ca581e1221,False,-1
f1bb2f01-f4d8-443e-8a98-be2965348c5e,28870073-fe65-44b5-b52a-6493dc0016fd,68d52db3f75ca5ea,0ba183d2d5d29a9f,True,3
46424d89-a6ee-46d3-8ac9-3e472aad8546,563e43fa-b8bc-45dc-8d60-a4c2093ddff5,1487f1323a9dc401,5050f8fdd8262578,False,-1
cee6fbc6-17f2-40b8-a1df-34c5e4478748,675140ee-0253-4429-873d-17ab90b6837f,4636ba4f95186b94,d9eddf95c4e09ff7,False,-1
706f8c85-841a-491a-8871-b5c7c9bb82a2,5a65738f-e1b8-43f7-8dea-0fcf02106715,0d7604fd4d2bcad5,1545e12bd3b263bb,False,-1
d5526420-950e-4f96-875b-c295a765c4af,563e43fa-b8bc-45dc-8d60-a4c2093ddff5,7de430fffe605441,9dbc3d13d75a80f2,False,-1
a95042f2-6759-4823-a53e-854e8c6b8d9d,44959ef3-b42f-4e6b-afd5-7a0a81317b14,e8aa6aba4adfa1dc,023bc2fca629e9e0,False,-1
55f49fcf-5fdb-4f71-9276-b905210a1b6b,563e43fa-b8bc-45dc-8d60-a4c2093ddff5,701dfaf2f3f4b61f,1061f76ac651a2c8,False,-1
05209200-c8e1-4b59-918e-792b6d10e52c,a0ed6ea0-9ca3-476e-9643-a23fb566d537,60e3b97183b63fd5,4cd7b751caf1d034,False,-1
ed3f8b43-be31-47c6-a306-560a95c54a9b,04795039-6bb2-4022-92c4-4eaceb902ec0,9f2c0aef8eb70d7c,bd3a6607912859b0,False,-1
b4ee87ee-38e1-4583-b2f8-cd29e9440b5b,a0ed6ea0-9ca3-476e-9643-a23fb566d537,ab8d3418c0052cb0,a70e3ddef23c8e3b,False,-1
b9185871-7c51-4762-8ee6-92dfcfcd9962,5a65738f-e1b8-43f7-8dea-0fcf02106715,f854f4131af705fe,a82232e6806f2401,False,-1
865dad33-3368-4611-825e-9938e9c4f432,28870073-fe65-44b5-b52a-6493dc0016fd,d6dc9cb3aa6bbc77,de964beec9a56bc4,False,-1
bc791184-cdbb-4a74-86fd-d6004acb595c,61b65438-9271-42d4-9bcd-586c8aa58357,a2a4d365f230cc4b,e5497747a5daefb3,False,-1
15dd1bac-a004-4828-98f9-b35a43db1eaa,a0ed6ea0-9ca3-476e-9643-a23fb566d537,5a311efc5edd6f0e,cda58edcc0999409,False,-1
0c2b73b5-4560-4e4b-b3a0-8e9426fb9a7d,675140ee-0253-4429-873d-17ab90b6837f,628fc46248c37ea3,6c28a0a3e34d40bd,False,-1
ad55991a-2c21-4842-ad68-917054e32631,675140ee-0253-4429-873d-17ab90b6837f,a34de80f357c745c,ef3c15939c1f8ce9,False,-1
4ee73e1c-96d6-4227-a2d3-6b2bb88e253e,61b65438-9271-42d4-9bcd-586c8aa58357,d08eefb7a6ed3d2d,849103fc07b29e0f,False,-1
68f825fa-d08b-43e7-9a8f-5af80036c1c4,675140ee-0253-4429-873d-17ab90b6837f,978e03eda0707150,d4536d27f3c123a8,False,-1
8672ff94-6ddf-4157-8167-c7da23e8f9c1,5a65738f-e1b8-43f7-8dea-0fcf02106715,344fc34f890ab75d,44bbb05d21d7adf2,False,-1
993bf767-f935-465d-bd28-6e08cd267bcb,44959ef3-b42f-4e6b-afd5-7a0a81317b14,c22d07ec49b38b0a,8f4eda100d239841,False,-1
f07b52f9-b201-4755-8331-072c1889acad,44959ef3-b42f-4e6b-afd5-7a0a81317b14,8bed693b8a4c7749,40d27e3e05ef935f,False,-1
43894a61-ff3b-4611-88c1-71f7b92a1a08,675140ee-0253-4429-873d-17ab90b6837f,094344dcda479c62,c018c9f85428c340,False,-1
353a393b-f7b0-4290-9fb2-8ddf9a6d9c93,04795039-6bb2-4022-92c4-4eaceb902ec0,4c501b50891ea9ad,079498b89e9753c4,False,-1
76981ffc-3a6c-452b-880e-9fa585a6c898,04795039-6bb2-4022-92c4-4eaceb902ec0,b1e67e41c5d7e11c,d437f768e51588f5,False,-1
7fd677e3-269c-4a98-b8f9-f466e2f75e95,44959ef3-b42f-4e6b-afd5-7a0a81317b14,3ac92d556614bb1f,7e7bf5538a1cac4b,False,-1
b9e67775-32b1-4fed-a2d3-d8dc9df62ba4,44959ef3-b42f-4e6b-afd5-7a0a81317b14,8c366fa8c3b0300c,9eeabda0374db9f4,False,-1
e8d0b6ca-1f5b-4cd1-813c-3d2281af77b8,28870073-fe65-44b5-b52a-6493dc0016fd,3b0116368c5f9273,4faebd246ec30264,False,-1
d1213185-4370-4f55-b650-486c553023c7,4a34c787-bdd6-442f-978b-590a62b557f2,f75707bcc251dfe1,24227aff6a03f175,False,-1
39854f47-a1b2-4605-ac6c-756844c14986,a0ed6ea0-9ca3-476e-9643-a23fb566d537,8754add4b9392662,926f3decbd3b6270,False,-1
e6e90037-4d71-42b3-80c1-fe796f0d5deb,44959ef3-b42f-4e6b-afd5-7a0a81317b14,caea555c13699f6a,16562518161887f7,False,-1
6e449acf-e932-40df-977c-8afc2e7482e0,44959ef3-b42f-4e6b-afd5-7a0a81317b14,bc24c70bd971923c,fe72bf348194d65b,False,-1
9c06713f-3a44-47db-9755-a74a4f073879,61b65438-9271-42d4-9bcd-586c8aa58357,4ecc4edb995e50a6,d37938b325602108,False,-1
2fd08687-9ee1-49ed-bb06-ad2e37ab4533,61b65438-9271-42d4-9bcd-586c8aa58357,b7716dcd3cdbfc25,78d9f58007927295,False,-1
c99f3616-dbb3-4d5e-b900-d76c58dd209a,04795039-6bb2-4022-92c4-4eaceb902ec0,bbc09be9c4bd6a8d,62faecb99d4b88c6,False,-1
c62a0974-74d9-424f-a957-b27ef1fe031e,675140ee-0253-4429-873d-17ab90b6837f,ae2e6729c75d5495,75103f1c16d91093,False,-1
0cd7bec2-941b-41b5-ba81-a43f03eb9ec1,563e43fa-b8bc-45dc-8d60-a4c2093ddff5,3db182779f7be1af,606520860aa643fd,False,-1
3ffb9501-7d9c-422e-a60e-1a4a5c1dd8bb,563e43fa-b8bc-45dc-8d60-a4c2093ddff5,48a6ef8af8e43989,5f8866907654cafb,False,-1
1824435a-e346-43c3-bc98-343980662e7c,a0ed6ea0-9ca3-476e-9643-a23fb566d537,ac31ae0f5b904a44,8e54de8d725f9246,False,-1
d2df039e-18be-47f3-8404-674cd8ca8e50,61b65438-9271-42d4-9bcd-586c8aa58357,91737e8f10caddfe,bb08c737769b9b37,False,-1
4c96117c-ac72-4fb8-ac22-46b2eeafbe31,a0ed6ea0-9ca3-476e-9643-a23fb566d537,cacd03bf92ca97a4,954c0a9478bc5b7b,False,-1
f59c305d-7021-4c7c-862d-64842ed15e81,61b65438-9271-42d4-9bcd-586c8aa58357,0189961f5511f03e,7c854764eaeb12ab,False,-1
90ce9954-9385-4dd3-8f8b-aa23615bc965,5a65738f-e1b8-43f7-8dea-0fcf02106715,cc2c1efe311af9f6,3f307984297e595a,False,-1
af17638c-414e-41f7-83a0-bf4729b27eeb,4a34c787-bdd6-442f-978b-590a62b557f2,c420963039312bdc,22e3c8f1cc582029,True,7
a841e4e1-1a40-479b-93ab-6182a7a16764,4a34c787-bdd6-442f-978b-590a62b557f2,a6840711e846b6ee,638971430dbe4679,False,-1
db6e51aa-4db6-4d84-b24b-5db3bf9a1658,4a34c787-bdd6-442f-978b-590a62b557f2,99be90e83fcfa487,f07d48bd7dff36c6,False,-1
ddfe0f69-3e6c-49f2-a88c-831f8c196d5c,44959ef3-b42f-4e6b-afd5-7a0a81317b14,269b2b65f47f67f9,e8f5d7a2d0c871f1,False,-1
6f569017-90a2-4024-9cee-99bcefa1cd5c,61b65438-9271-42d4-9bcd-586c8aa58357,0fa20c6bb61f9395,b42e8529f490d679,False,-1
f46fcfc9-f38a-48ce-9554-5b90779fa2ea,61b65438-9271-42d4-9bcd-586c8aa58357,587d06332ba8de93,5d8524b6e8ed7856,False,-1
26c498a6-e2c4-4c32-aae5-dc26a0b3f42f,675140ee-0253-4429-873d-17ab90b6837f,a6be7eca3b09f486,5ea15758c77430fb,False,-1
91a7c414-4be0-49b8-8a54-8b6976414b70,4a34c787-bdd6-442f-978b-590a62b557f2,4340f38fdd3906a8,5ee4d6e8e3e1af6a,False,-1
527912a9-da38-44b2-a483-d2be40ea4358,5a65738f-e1b8-43f7-8dea-0fcf02106715,7918024bfca28793,6389c1befbd2f7b0,False,-1
ce3ef838-36c1-4aa3-90f4-257adb059727,04795039-6bb2-4022-92c4-4eaceb902ec0,e15b22d61ea61844,07ad29229dd67155,False,-1
1cda7ded-1650-45a2-abed-1765f5761dec,28870073-fe65-44b5-b52a-6493dc0016fd,caaf0e76ba19e3b8,c03cd1fb43d84afe,False,-1
1bb9b991-c9f5-4ff9-884d-ab9c3fbb6097,61b65438-9271-42d4-9bcd-586c8aa58357,2547d5d3b1fff4fa,d7380583dc299733,False,-1
135e4583-1f22-431d-a198-ca6dc0bbb8dd,a0ed6ea0-9ca3-476e-9643-a23fb566d537,d546be93947fc30e,012bf491dfbfe1b1,False,-1
e55593bf-51bc-4ba4-9a5e-d81c11592679,4a34c787-bdd6-442f-978b-590a62b557f2,bddd22374be6f42b,f87af7bce7e54914,False,-1
26900c6d-3fc3-46d9-9e5e-fc4cb4cf2ce5,a0ed6ea0-9ca3-476e-9643-a23fb566d537,1fdfbc5b61ee1b9b,e1607a26e469ccaa,False,-1
373f6a80-95da-4b02-b57f-567995252609,a0ed6ea0-9ca3-476e-9643-a23fb566d537,10f197d4fda91813,a29e38b53c40234c,False,-1
49747c92-f970-4c3f-95a3-5beffc598a41,28870073-fe65-44b5-b52a-6493dc0016fd,9e7142ed2ec9b69f,3c35136636e7a5f8,False,-1
94099929-9ad8-4b62-bf53-53c54209a213,44959ef3-b42f-4e6b-afd5-7a0a81317b14,638ed34c1b18702d,681715ce3cd6f417,False,-1
a0c90bce-ae59-4229-a20b-83218cd378f8,28870073-fe65-44b5-b52a-6493dc0016fd,686df55b9bf6cb37,33dcbf7d125c6669,False,-1
e12cd18c-9eee-4441-9703-f38b76125fe8,96d20b35-2b7d-4e89-bcbf-27c84aa35780,92b7efca00ed5fc6,14c88e0e94b40c55,False,-1
1aae0817-fe32-4e65-aac4-b9ea345b89f3,28870073-fe65-44b5-b52a-6493dc0016fd,4b8c57b0091768d8,d4c086192ffc735c,False,-1
495c81ae-873f-4481-bac2-b341f67d62a5,5a65738f-e1b8-43f7-8dea-0fcf02106715,2dac49aa9fc89448,079ad0ad19c41171,True,7
8cf562d7-41b4-44be-89bb-6c229bf50088,44959ef3-b42f-4e6b-afd5-7a0a81317b14,5746374bcf90328f,61992af4c3cea098,False,-1
638e23e8-8648-4d32-a42f-3dcfd5bad841,4a34c787-bdd6-442f-978b-590a62b557f2,630a5852d960f429,5d1588ef9eea1d57,False,-1
ab0dfb91-4e50-4bd4-898a-2623ea9cb242,28870073-fe65-44b5-b52a-6493dc0016fd,3b21fbeb92954fa0,f9b365d0e96f5f8e,False,-1
c798d309-9571-499e-bac7-734c9cd28cc1,28870073-fe65-44b5-b52a-6493dc0016fd,ef3b6a4426cf9add,55049b5dde3641c0,False,-1
6f2a9dbb-8759-40b3-9ceb-082477db7bbb,96d20b35-2b7d-4e89-bcbf-27c84aa35780,7a466017a9bca8b0,e83c1b3daf994415,False,-1
0e0748d6-886b-4628-8f11-39052fe946b0,4a34c787-bdd6-442f-978b-590a62b557f2,3c6a89ac3f276d59,49cb90ec408ef3a3,False,-1
9c5e2e31-2c15-4d14-b728-8104f8e92e4d,5a65738f-e1b8-43f7-8dea-0fcf02106715,94b6ac4b58b30d5d,9b659a32235165d7,False,-1
4907f828-0b07-4315-bd54-81e64e21b432,a0ed6ea0-9ca3-476e-9643-a23fb566d537,cce8a5df1d41d83c,996eb372ec7f8186,True,2
1b23fe9a-0beb-418d-8151-c3b1fe2cf4e2,675140ee-0253-4429-873d-17ab90b6837f,4fcf78029c1eaf40,f3969d7aac8bfb37,False,-1
8ca9508b-f27f-4cab-b447-4374e6ee812e,675140ee-0253-4429-873d-17ab90b6837f,42b5129f52ed114a,5dcf7bc510cad106,False,-1
fc6b1079-d6d6-4c70-bf09-6155ec63fcc5,675140ee-0253-4429-873d-17ab90b6837f,7d4643865f0f3fe2,d21717daa031d2a8,False,-1
9d2927d5-d37e-4666-b7c8-4442aa09dc7e,4a34c787-bdd6-442f-978b-590a62b557f2,181e4e175b4f332e,1c6bf8200a3423b8,False,-1
1909eba6-6c4d-4184-8bbc-4306f636e9e0,28870073-fe65-44b5-b52a-6493dc0016fd,d86f10d6842d9c3a,2cdc064de7ca27a7,False,-1
a52ff171-cc1f-4bb6-a089-923d6a19ae90,96d20b35-2b7d-4e89-bcbf-27c84aa35780,d87f0bb62c8f9a40,6d5b9315d08b2700,False,-1
6d040cb8-6101-4786-ba35-056dca907754,5a65738f-e1b8-43f7-8dea-0fcf02106715,e594f1970a50a007,de6bee25612dc64e,False,-1
ce996bc0-2b84-4f3c-bd09-6fe79495196a,96d20b35-2b7d-4e89-bcbf-27c84aa35780,6e0e2783d1ade152,07c1b6f48077a37e,False,-1
93cb6093-6702-4cef-8636-7775bb3f88de,04795039-6bb2-4022-92c4-4eaceb902ec0,424db3e29559df18,88e3ce9d1a85f6f6,False,-1
12b443ea-110d-41a0-bf8e-1968077cebee,675140ee-0253-4429-873d-17ab90b6837f,252cc04b81514dbe,786c4b499adaba01,False,-1
27ace4ab-5ab8-4a6d-bf79-c68d0f128d75,563e43fa-b8bc-45dc-8d60-a4c2093ddff5,7a991357a1dbf688,b175dc81e0c893fd,False,-1
139b6cf5-9f59-408e-bb42-f4fe459fa854,a0ed6ea0-9ca3-476e-9643-a23fb566d537,d5152c60fab0c861,505162e5fedbfe33,False,-1
64c04b5f-1366-49fb-82f9-f169004971c9,a0ed6ea0-9ca3-476e-9643-a23fb566d537,1d2b85e6d785e393,6279e24192da79b7,False,-1
01611c96-1748-4dc9-af1b-d2c53c73312a,675140ee-0253-4429-873d-17ab90b6837f,75f5f944f4c052b8,7acbd95cf8c9a28e,False,-1
58afdeb8-3c32-4ebe-a1b0-e20843667018,61b65438-9271-42d4-9bcd-586c8aa58357,a84f8e3c88eedaae,fd3717ffb597ea69,False,-1
1529a10c-6243-435d-829d-a4a016a9e5fa,675140ee-0253-4429-873d-17ab90b6837f,e525e3b408f46b1d,de00478e8035bd54,False,-1
31d3e393-8fca-4211-b3df-b7df727bc1ff,61b65438-9271-42d4-9bcd-586c8aa58357,fb142f1ac897cfa4,a6eba4bb0f883b78,False,-1
3b60a5e6-54c8-41bd-aa77-0182006fcf08,28870073-fe65-44b5-b52a-6493dc0016fd,b5202aee569e1785,71463ee2e4f864f3,False,-1
15a7960c-850d-4e21-b185-7d3ecebd319d,4a34c787-bdd6-442f-978b-590a62b557f2,c31ce55062d4b107,f98f8aea993b78f3,False,-1
e97d659d-2a4e-440d-9139-a2c4e3a5f978,96d20b35-2b7d-4e89-bcbf-27c84aa35780,fec3913fa47bff52,a7669c95a618d8cb,False,-1
1fd61517-442e-44c8-94ba-852423334dd5,4a34c787-bdd6-442f-978b-590a62b557f2,b7905a7e5177e99d,1aa1e9147c8c0a55,False,-1
35fdd0df-87ed-448d-ae5e-eb263ef6d78b,28870073-fe65-44b5-b52a-6493dc0016fd,4660764f048bdadf,649578ed9f765049,False,-1
31d16103-5833-4268-a87b-61533d1500a2,a0ed6ea0-9ca3-476e-9643-a23fb566d537,2592bc44d461c42e,f4e90f8f5cd42bf2,False,-1
aa6fd29b-052c-4f0f-a907-7d67085da075,28870073-fe65-44b5-b52a-6493dc0016fd,1995667141379928,7adde961071909d8,False,-1
095b2323-1101-444c-aa87-0ac41cc779fe,675140ee-0253-4429-873d-17ab90b6837f,25e3d89382423f3c,02659cb2a353551a,False,-1
a96c7bc5-cc62-47dd-abfa-32d290854d27,44959ef3-b42f-4e6b-afd5-7a0a81317b14,de45419b39915084,34e91cf96bf56add,False,-1
2fd4aced-51ba-46b9-939a-d7e5ae8e5b76,04795039-6bb2-4022-92c4-4eaceb902ec0,d7e9a7840776df22,471e9f4d7f0b6107,False,-1
cf3fb0d8-def4-41d5-97bf-4ebe187e474f,28870073-fe65-44b5-b52a-6493dc0016fd,f2a6ed0d5566f3e4,58ff34783882829b,False,-1
250f0ef9-fee4-4440-b484-e095b371c4a1,44959ef3-b42f-4e6b-afd5-7a0a81317b14,a492e9aca9b42f28,04c5da5d6be33d95,False,-1
e8444a76-62bd-43a0-a295-36ea476cb779,61b65438-9271-42d4-9bcd-586c8aa58357,417489cbee0bfb84,c8d7dfbf4a4ebfcf,False,-1
71ea8f77-c1b1-4873-a606-dcac3d01aeea,61b65438-9271-42d4-9bcd-586c8aa58357,acbacd9ff635a9bf,71231e320377523e,False,-1
b86aa2b1-a950-4ecf-873b-7387395159ee,28870073-fe65-44b5-b52a-6493dc0016fd,003b6021df0df76b,94109c4f10fc6391,False,-1
f1818e60-adfd-4a59-95dd-bb54a3200f4f,61b65438-9271-42d4-9bcd-586c8aa58357,342d4f7e8d66cc23,13ca381c30f6dc57,False,-1
30888d99-f020-40c8-9a86-b8a43b6cabfc,a0ed6ea0-9ca3-476e-9643-a23fb566d537,edfbaed5be82d117,12a9fe9d08980120,False,-1
8d292323-17cb-4664-a6a6-aeeaeb96fa93,563e43fa-b8bc-45dc-8d60-a4c2093ddff5,41875fdd2e3ee93d,027de23934dd5901,False,-1
5c13adb5-3da7-446d-9aca-aa8b90e5e83e,61b65438-9271-42d4-9bcd-586c8aa58357,0b15ae537ad95e7b,d2cfe89c3e4ee418,False,-1
f9459915-fa27-4eaf-86bf-97962b72a7a6,44959ef3-b42f-4e6b-afd5-7a0a81317b14,7ca39eba6c2638b7,3d4b8dbf56553dc3,False,-1
92a63599-26fa-4091-b1e7-079e6772abda,04795039-6bb2-4022-92c4-4eaceb902ec0,c86b885eb9f2eccd,c00be0da0be95325,False,-1
4421e2a2-3dd8-47a8-815d-28f033fd43a7,44959ef3-b42f-4e6b-afd5-7a0a81317b14,26999be5d1414a25,0de9898ee5eb646d,False,-1
4056a8a1-2bb6-4fb9-bbd3-6a558908775a,04795039-6bb2-4022-92c4-4eaceb902ec0,ed297091dd96207a,f8a64751506abdb9,False,-1
5617e308-d3d2-46fc-a1fd-82ca04bbafc2,96d20b35-2b7d-4e89-bcbf-27c84aa35780,7e32cf1763ffdba7,25be0d44ff3efa53,False,-1
2ea4a67a-0fff-46b3-9ca3-03adae666005,04795039-6bb2-4022-92c4-4eaceb902ec0,a210587a9d7aa158,a06f662eb2f9b41d,True,1
06f3ef45-683e-4e72-bb32-2f7d5747a491,44959ef3-b42f-4e6b-afd5-7a0a81317b14,5eadce402f9b64fd,f7b80ba2c0c45dc3,False,-1
69295136-7c99-46dc-a8c2-4eaa5da317f0,563e43fa-b8bc-45dc-8d60-a4c2093ddff5,573194298bf2944f,5e851ad8ca82f7ed,False,-1
904b9dfd-092a-4877-84c1-a54509bdab0e,675140ee-0253-4429-873d-17ab90b6837f,76b49e96744f178a,f99cd85b6f5ede56,False,-1
f57457fa-4de8-4467-b8f5-bb2b1d85b34f,5a65738f-e1b8-43f7-8dea-0fcf02106715,e0194d21630bb7e1,aeb4239713d7c1c3,False,-1
07873283-6ba5-4b9d-9562-72b13790cefd,28870073-fe65-44b5-b52a-6493dc0016fd,9dba88cbf465fa79,209ef5dc4d2db22f,False,-1
5fd3b49f-197a-45bb-b8f6-c68f2d4d86f8,675140ee-0253-4429-873d-17ab90b6837f,0ee74e209141f949,d7c598aa73930bb4,False,-1
ceef9970-6e54-4ba0-ad2a-4ecc42eb45c5,04795039-6bb2-4022-92c4-4eaceb902ec0,28b7ee008c82bf4a,d771c68a58c63b30,False,-1
fdbeb611-61e1-4012-8eeb-eaabbf7b558f,61b65438-9271-42d4-9bcd-586c8aa58357,d916030eb92dfb32,d8a3bc5df74ab92b,False,-1
075b725a-4444-4030-98fd-a194f13aa457,44959ef3-b42f-4e6b-afd5-7a0a81317b14,0a28722c02f24698,ee1c3541015bdf76,False,-1
826fea65-773d-4d12-a272-239126f9af2f,5a65738f-e1b8-43f7-8dea-0fcf02106715,2cb1bb4c401cb5e9,941ebefb8cf32b7b,False,-1
b3564d4c-ff53-441b-a29d-b795c0dff5d9,4a34c787-bdd6-442f-978b-590a62b557f2,4053f46741c78bb6,ab37b8c9f9f97457,False,-1
2af50a2d-7051-44dc-9898-121cc1614a0b,563e43fa-b8bc-45dc-8d60-a4c2093ddff5,d683c56a29ae03c4,c82a52bdd36323d5,False,-1
d5f52aae-2a5a-4d35-90de-b4b6694d2395,563e43fa-b8bc-45dc-8d60-a4c2093ddff5,17e663c22ca6983d,b516696924673e41,False,-1
ec994fa1-ab37-461b-a85c-2b4b06860955,563e43fa-b8bc-45dc-8d60-a4c2093ddff5,02fef0b09b7c82b8,d4de9854592f9fa5,False,-1
52d4aa01-acf9-4607-90af-100e04be362c,96d20b35-2b7d-4e89-bcbf-27c84aa35780,a4540369aa9b00a9,ed6905a353e59704,False,-1
4b1a5b6b-5ff4-4978-9366-5dd759fc113e,96d20b35-2b7d-4e89-bcbf-27c84aa35780,1310c778185c7769,507c3d166d0f1f86,False,-1
e4e158a6-5e3e-48a6-bbd9-ac652d12f26c,675140ee-0253-4429-873d-17ab90b6837f,5cc7398922c0e92f,c9f45d850a2f4016,False,-1
d874f58a-9fd8-4c50-ac00-3bc7d922605d,96d20b35-2b7d-4e89-bcbf-27c84aa35780,387cefc0a78a2a85,ccda95557f449360,False,-1
8ada34ba-57f1-47d2-aae2-4ed79f0cb4bb,4a34c787-bdd6-442f-978b-590a62b557f2,84fb75c78f982841,18b454c03a5e7851,False,-1
0ef5fab1-6f48-40ff-a7d3-24d5ddaac64a,96d20b35-2b7d-4e89-bcbf-27c84aa35780,4994f12fdb3e40f0,13463b39b7c48ab0,False,-1
4978de2c-db17-49b0-879b-e1eef33549fe,563e43fa-b8bc-45dc-8d60-a4c2093ddff5,12a1ec2429c774eb,ab61ca1b46ccdabc,False,-1
dec13eb8-58d3-4b3d-b4f4-3c57da056c3f,563e43fa-b8bc-45dc-8d60-a4c2093ddff5,52fc5c29852fe06f,161ac869ce578b8e,False,-1
6817efc7-0e9e-44f4-b14c-ecbf80260d2e,4a34c787-bdd6-442f-978b-590a62b557f2,5778f89f95101438,17a9d7177a168838,False,-1
bde5363d-2ea1-425f-bd6a-eb2fae01dae2,04795039-6bb2-4022-92c4-4eaceb902ec0,a8d0446d6b81e37b,88611f1003a641f0,False,-1
d21f1817-434b-452f-b66f-1ad0f50d3267,44959ef3-b42f-4e6b-afd5-7a0a81317b14,36b06d3a17110fdd,bca1f495a76b33d4,True,0
90cce33c-c840-4f64-a137-cda553347915,563e43fa-b8bc-45dc-8d60-a4c2093ddff5,ba9bf66f7570b520,1530227527f758d2,False,-1
96b331ae-03d8-4a30-91bc-d4153dd60d75,675140ee-0253-4429-873d-17ab90b6837f,a553715ce9d0d22d,e52962ee364ffcaf,False,-1
1c5315f1-5d24-4792-9520-e0e9dd7b3f1e,04795039-6bb2-4022-92c4-4eaceb902ec0,5a2f6390a62325d7,5dbf3c3e1e052071,False,-1
a636fd0b-2237-4de2-b55e-5d40d36f77b1,96d20b35-2b7d-4e89-bcbf-27c84aa35780,11ae0e804cf8d4d1,51c2f82d823837b9,False,-1
0b4e6291-2ac9-41d9-ba1b-c25b373ffb4f,675140ee-0253-4429-873d-17ab90b6837f,e50d26d7bc28ee6b,066d84135b40bafe,False,-1
047413cd-1244-469b-a9b7-9c83d6f5029c,61b65438-9271-42d4-9bcd-586c8aa58357,37d7336026bb5f83,ddcd2a77727b3436,False,-1
076f4b7b-5ef7-43d0-844e-4492de38acc7,96d20b35-2b7d-4e89-bcbf-27c84aa35780,d76a934de51e38fb,456c45f719a5eb2e,False,-1
6281b10c-6c6f-44d3-94fd-96ff352016b5,61b65438-9271-42d4-9bcd-586c8aa58357,487fe984bf21de83,0a266e7b5323c238,False,-1
5185dbf9-8be6-40a6-894a-bd5275e399f0,675140ee-0253-4429-873d-17ab90b6837f,a2fcf8c17c0ce74b,6d5f621b446d45e7,False,-1
6105c3df-d853-49f9-ae96-829ea26384f9,4a34c787-bdd6-442f-978b-590a62b557f2,1f87c45336662a33,4cfcb72cb12fa920,True,3
782aa68a-1aaf-4645-9e81-95e87d874b25,44959ef3-b42f-4e6b-afd5-7a0a81317b14,cb42671d6164e846,a657c785d740d74e,False,-1
8f0ce245-18f3-4f4d-bf4f-69be3ca03f6a,61b65438-9271-42d4-9bcd-586c8aa58357,e56de45019e894e2,70761cfab44ba411,False,-1
ec296c04-24c8-4b0e-9082-58718a4fa6a6,44959ef3-b42f-4e6b-afd5-7a0a81317b14,34412d7e6e898fbb,aa6121380e213fac,False,-1
3a21ec6e-d90f-47ac-af03-9ed0b4ccc352,04795039-6bb2-4022-92c4-4eaceb902ec0,bbcc64e6274c67ae,62b7f3d0ec35cf1a,False,-1
abeb7ffc-51ce-4cfa-8f6c-6b75fc39a8a9,28870073-fe65-44b5-b52a-6493dc0016fd,8bb4d8bf27bfd960,b69504f2fecbe608,False,-1
319d31ec-f63f-4c2b-8428-c834c2d108b4,675140ee-0253-4429-873d-17ab90b6837f,5d99fe1654535b11,0af88292956bab3e,False,-1
c8f02727-af3a-4fde-a796-2584340e855f,675140ee-0253-4429-873d-17ab90b6837f,80a64c195a1dc603,9805ba55594996c4,False,-1
acff987a-50df-4508-92ff-75d8eeb72c03,04795039-6bb2-4022-92c4-4eaceb902ec0,264ef396662962d6,b7d37b604eb88a0b,False,-1
ec33d2de-d971-488d-9b00-b101c7b41701,5a65738f-e1b8-43f7-8dea-0fcf02106715,753fb8109831ba3e,e3a82b9104a9b35e,False,-1
044e5b1f-2b67-4f32-a6ce-1d729fd7d93a,44959ef3-b42f-4e6b-afd5-7a0a81317b14,4aa1d269c1beb39b,2c8fffa37295aa2f,False,-1
b675a543-d1e1-45dd-8e4b-1c56fddfb34e,675140ee-0253-4429-873d-17ab90b6837f,902db82b9393d54c,511f680df1d672d4,False,-1
4193c165-4c21-4bac-a3a7-d4946864f168,a0ed6ea0-9ca3-476e-9643-a23fb566d537,b9fbdfeb8f3f5687,ab22c4cfffbb5151,False,-1
82c63b3b-ec45-4ea0-b828-289ce9ac3881,a0ed6ea0-9ca3-476e-9643-a23fb566d537,e0da530c13e244cd,ac8c919a7a067522,False,-1
e50742b6-02d6-4f5d-b1b4-454033f8924e,4a34c787-bdd6-442f-978b-590a62b557f2,9d9dff5d21128c0b,acd95dad52440559,False,-1
618375a7-c2b5-4fff-b395-8afc2d42ca27,61b65438-9271-42d4-9bcd-586c8aa58357,3291134cd4f1fcbb,d90dc424052e2930,False,-1
27906718-1fdf-4d20-a414-ab52706b4a22,4a34c787-bdd6-442f-978b-590a62b557f2,1d48152407c3cfa0,29934194c0400b78,False,-1
378de43f-b51b-47d5-b3a4-c39de1134454,61b65438-9271-42d4-9bcd-586c8aa58357,a44822d8a0f86bbd,c1175329baab6cb5,False,-1
5e7fb02b-b7e0-4ef2-90d0-4bb5314ce5ba,5a65738f-e1b8-43f7-8dea-0fcf02106715,20cf63861558caff,97406812bea8eb44,False,-1
7a800d42-b5df-4647-8289-4d6eb4002b39,563e43fa-b8bc-45dc-8d60-a4c2093ddff5,03103d21cb0c7c3a,995e60bd639985f2,False,-1
80963dae-ca52-437a-8435-e919437cc5b3,a0ed6ea0-9ca3-476e-9643-a23fb566d537,326f65123dfa4ead,2d82b0c6c9e1eb6d,False,-1
50157755-4cc4-4d0a-ac2b-db11e4d2a78c,04795039-6bb2-4022-92c4-4eaceb902ec0,bac328d4c195afe3,ef672f169131bb56,False,-1
5ff5d1f5-12a2-4d33-a2f9-211f9ee280c6,61b65438-9271-42d4-9bcd-586c8aa58357,da03b2ccf7f23ac1,dabd0ae36785391b,False,-1
03a33c23-8442-4cf9-bd0a-ad8383ad4f0d,61b65438-9271-42d4-9bcd-586c8aa58357,992a4742ce1cfbe1,9f2c72d9468e13f5,False,-1
74534496-c946-4695-8f87-0f79adf08f9e,5a65738f-e1b8-43f7-8dea-0fcf02106715,fb5abaadf50af784,a4f5670b44ed2d64,False,-1
fa78d471-8618-4890-a2ef-5382b93ad974,4a34c787-bdd6-442f-978b-590a62b557f2,57678caab557d54b,7524835c32a7d5df,False,-1
a749168c-0f57-4b6b-8952-20783e97e179,5a65738f-e1b8-43f7-8dea-0fcf02106715,3d7cff7b3297f444,e27dbdb588c22c5f,False,-1
276011c6-a691-4eff-8677-f5a440c93c43,4a34c787-bdd6-442f-978b-590a62b557f2,258cf8e374866c5a,d95fcb74cd09d56c,False,-1
cfdc413b-c7d5-4710-ac44-5ff54862cdca,44959ef3-b42f-4e6b-afd5-7a0a81317b14,3e4641e28d9a1deb,0e0c337c6f5ef65d,False,-1
b34ffa11-8d07-4147-b323-2d0c5b07109f,44959ef3-b42f-4e6b-afd5-7a0a81317b14,93011546eb39f44b,8810a6011bcabd84,False,-1
eca07b26-a35a-4f6d-a852-5e9daa8d1111,a0ed6ea0-9ca3-476e-9643-a23fb566d537,e22853209ecae0b2,f3228f66690a2ce3,False,-1
f73599f0-4b58-4a82-b862-a6c623fa4a29,96d20b35-2b7d-4e89-bcbf-27c84aa35780,9da6b5104e6c40b1,cd0a6c2328de5477,False,-1
1fe48c46-f1da-43bd-b3e7-f32689f85f74,4a34c787-bdd6-442f-978b-590a62b557f2,49b2d36518690e2c,72a30332c8f2f039,False,-1
470870f5-9578-47cc-bd56-52f5c71d6bd0,4a34c787-bdd6-442f-978b-590a62b557f2,2a77f3d1fb4c33a6,4d060fa76edf062d,False,-1
fad59e8a-7b15-45e0-b326-bef21d55d794,61b65438-9271-42d4-9bcd-586c8aa58357,edab83aa3d933f52,82d9a9a7932a3e13,False,-1
5c956c17-1801-45f8-89ab-1fcd36b194cd,4a34c787-bdd6-442f-978b-590a62b557f2,ec461d8974df6d42,97045d8f985d96aa,False,-1
66701f4a-8fdb-4e5c-b312-420412ee56b1,28870073-fe65-44b5-b52a-6493dc0016fd,264a08fcc6792a5c,6cc8699cd6d7353c,False,-1
7f8d994d-fabd-4f73-8766-c4234de98e44,563e43fa-b8bc-45dc-8d60-a4c2093ddff5,11b730dae9939bdc,dac2f1ecd8d1e0cf,False,-1
22220973-b94b-4591-b0c1-4c8e739f00fe,563e43fa-b8bc-45dc-8d60-a4c2093ddff5,2c53fa7775a6f6eb,2ff8c253999c4c47,False,-1
d37cbfa4-8e20-4a93-a511-10e0327deba9,675140ee-0253-4429-873d-17ab90b6837f,820dfb61fbf9062f,8d07c17231395879,False,-1
8ce7ba82-6c22-4662-b462-2df782df2534,563e43fa-b8bc-45dc-8d60-a4c2093ddff5,b4f2f0c3f6883c0a,908b906f2e593999,False,-1
b138be69-1e1b-4e6e-a32b-51dab3585556,61b65438-9271-42d4-9bcd-586c8aa58357,c79a28049db06703,f0748fd33784293b,False,-1
e5e04c21-eb60-46ec-a79f-0a53d72c1927,44959ef3-b42f-4e6b-afd5-7a0a81317b14,37765d51af6b18e0,781ff8e967c3dc0d,False,-1
6bc0be4c-9afe-4bcb-8808-cba93fda9e87,96d20b35-2b7d-4e89-bcbf-27c84aa35780,d69148b5db4a5b60,1b26d52e202c2528,False,-1
88247bcd-4443-458f-bbea-b91c3da056b9,5a65738f-e1b8-43f7-8dea-0fcf02106715,09aad1d82a3d83dd,9cd26b21e8ccfad4,False,-1
efe72b0c-63d1-4eb6-9b0f-a53be937b44d,563e43fa-b8bc-45dc-8d60-a4c2093ddff5,0ccb5e10ebb69203,bf980d9e26e00558,False,-1
eef677e2-d6e9-47ac-b953-dd26c73f08ab,28870073-fe65-44b5-b52a-6493dc0016fd,73759807d549b504,11dc961fa1afbe87,False,-1
966867c4-b37c-4591-8369-f93121d0f77e,563e43fa-b8bc-45dc-8d60-a4c2093ddff5,4a015841a6214548,a0cd0fcb651f25f3,False,-1
4d6cdbea-e234-47fb-9cef-090b177865a5,563e43fa-b8bc-45dc-8d60-a4c2093ddff5,27f60c51f2f7348e,16170def97fd392d,False,-1
51db8948-2870-4878-bc20-7639255c0180,675140ee-0253-4429-873d-17ab90b6837f,8d93a9ea03c16cfc,392970e10e48b1b7,False,-1
13f7e9ee-2c6e-452b-8472-89fcef2b0d1c,4a34c787-bdd6-442f-978b-590a62b557f2,f68bf5dd30b706ee,7370c44b6436790c,False,-1
2e4f49eb-1b51-441b-9b3d-66c1fec94ea9,a0ed6ea0-9ca3-476e-9643-a23fb566d537,bb3a9f7138a22347,4d1ab830edc8f5fe,False,-1
71bce190-6a81-41cb-a9cb-9718316f0934,96d20b35-2b7d-4e89-bcbf-27c84aa35780,55e764e59e3333cd,a545696dc8090b31,False,-1
14b4ddc8-9ce1-442c-88f0-c512dc5a5ce6,a0ed6ea0-9ca3-476e-9643-a23fb566d537,bae472d017bf1f78,2b84ae7de5ad31b0,False,-1
b96caaf9-483e-4ea3-9932-26cbc0a0ff48,04795039-6bb2-4022-92c4-4eaceb902ec0,977109541f550024,b89fcd5fcc18d632,False,-1
87c78a4a-8176-4f50-bb9d-3e30e5ccf0b8,04795039-6bb2-4022-92c4-4eaceb902ec0,63c935d9dae53f24,683eb7a96226381a,False,-1
2f713c33-cfa0-499b-a782-a30e3f238d33,675140ee-0253-4429-873d-17ab90b6837f,a9f0cc255089f40f,8ca294ebeede73d2,False,-1
c1b25be2-7020-4156-953d-41761c7a9426,5a65738f-e1b8-43f7-8dea-0fcf02106715,96e571ff81d41069,86d13e5dee503c85,False,-1
bb51c6a7-31c0-4a95-8608-242744738aa7,a0ed6ea0-9ca3-476e-9643-a23fb566d537,b44d28df902b7985,2b828a253f953a5d,False,-1
469b767e-613c-49b5-8208-c98e7d19d771,28870073-fe65-44b5-b52a-6493dc0016fd,4dd7050be902ccfa,32ba501a7d1b8c53,False,-1
d38dc0cb-8458-40e9-bfe2-9b99ad5e6f83,61b65438-9271-42d4-9bcd-586c8aa58357,5176294e58a76433,68b273af07fd6395,False,-1
089fc81e-398d-456d-af69-4e6ec5c78a0f,563e43fa-b8bc-45dc-8d60-a4c2093ddff5,dcfab447aec73c45,098828b276c0c15d,False,-1
a407bc1b-956c-40e6-a321-ea5d3cbb9b56,4a34c787-bdd6-442f-978b-590a62b557f2,298ff0a9a109c700,38e992027eeca5bf,False,-1
b535666b-8d87-40ca-96e8-4c02a5384ad1,5a65738f-e1b8-43f7-8dea-0fcf02106715,16b1af769a4b06b3,9fb777d97baef529,False,-1
db0aaaa2-5475-43e5-a91d-88b184335c7a,61b65438-9271-42d4-9bcd-586c8aa58357,455c24f815d94d9b,5d6726265b4785ec,True,6
1b4fd912-6344-4b7f-9e56-da244d0e2a3c,04795039-6bb2-4022-92c4-4eaceb902ec0,db6704cdfdf5f352,77050cfdcf0ecd58,False,-1
1ce7a895-8a3f-43d5-b89e-56b6e81bbf47,04795039-6bb2-4022-92c4-4eaceb902ec0,cff7f6ac382c8acb,920c53ebd01a0a82,False,-1
daac87c0-2895-487f-8499-a65adbbb492f,675140ee-0253-4429-873d-17ab90b6837f,53e5964de981e98a,329a7c2f37d1da80,True,6
7ef2c46a-66fe-4abf-86d0-bb8837f8e001,4a34c787-bdd6-442f-978b-590a62b557f2,b6d54bf3c8d482d3,1635ea966e249b6e,False,-1
cd8348a8-b8f3-4f48-9599-fb35d4db29fa,5a65738f-e1b8-43f7-8dea-0fcf02106715,b92c4220742b275f,24acf352062762de,False,-1
a90c93c9-5159-483f-ab10-3861b704aa7b,a0ed6ea0-9ca3-476e-9643-a23fb566d537,ffc24bd71bc56872,1becfbb8b30d7a3b,False,-1
f77d2d49-c27b-40fd-a5b2-4cc1931565c0,04795039-6bb2-4022-92c4-4eaceb902ec0,2b26eba39783f22c,a0abc255203e4842,False,-1
ebf2fcb4-ae75-4a5b-8bdb-c594ec411d15,4a34c787-bdd6-442f-978b-590a62b557f2,6372a682115124db,a02aee35928e2866,False,-1
29c51219-e75a-492a-9f61-24c2d806b907,675140ee-0253-4429-873d-17ab90b6837f,7e5fc0019fe811dc,b9320a9456f4de6e,False,-1
027256b0-199b-4603-91a2-f4e4d7048d09,96d20b35-2b7d-4e89-bcbf-27c84aa35780,b8adfb77bdb9513e,2d4ab8e07a3515c3,True,5
82924150-baa2-416f-a206-ddd36503d60f,675140ee-0253-4429-873d-17ab90b6837f,82776ffe65134070,01a54cdd2a541898,False,-1
41a1ac9e-406c-4186-9c01-e0dda2bd1861,44959ef3-b42f-4e6b-afd5-7a0a81317b14,49e086b7997a85f7,915cb702e138884d,False,-1
7f784cbc-91bb-4d5c-8827-d40d9a2d934c,5a65738f-e1b8-43f7-8dea-0fcf02106715,3dd275096b709659,7f36e383dcba8485,False,-1
ecdecf75-691c-4df1-8fe9-48ce4fd89dec,28870073-fe65-44b5-b52a-6493dc0016fd,930657ed76a46d45,0d1deb66c4224bd5,False,-1
84a044dc-86fa-458e-b4cf-882b10c3b56d,5a65738f-e1b8-43f7-8dea-0fcf02106715,48c3ac01da398913,62c6c8b4c6d3cb0f,False,-1
f1ccd6fd-d911-4e78-83f0-aed393aa4d33,5a65738f-e1b8-43f7-8dea-0fcf02106715,601872fb60b672ba,c9d143af8c4d0581,False,-1
323fb363-30cb-44e8-826b-208e76b28cdb,675140ee-0253-4429-873d-17ab90b6837f,f68cc7ebff82cf3e,9afa402fc769dc0f,False,-1
084d25d6-94a9-4fca-a70b-07a89cb886af,5a65738f-e1b8-43f7-8dea-0fcf02106715,b3705320f1361732,d8f663935b7db6b1,False,-1
bc7ffe0b-7094-40e8-8aae-8e6355aaa7df,61b65438-9271-42d4-9bcd-586c8aa58357,638d3cb8e1ccf233,dd27dc9b79632d3e,False,-1
e97d78f3-cf76-415e-bd1b-8c92664efa03,04795039-6bb2-4022-92c4-4eaceb902ec0,9783e782fcb690c7,69e8f5f6340f7137,False,-1
c661fdd4-971f-4516-aedd-1a6cfa5275da,a0ed6ea0-9ca3-476e-9643-a23fb566d537,18330bfb51a76d85,8479c316718ea090,False,-1
ad91286a-3eb8-4429-bb06-8c0c6525b666,675140ee-0253-4429-873d-17ab90b6837f,971fb8247577dedb,166e9423ebc2f636,False,-1
bddcd47f-7dbe-4ec0-a39c-77138230df65,61b65438-9271-42d4-9bcd-586c8aa58357,f8fd3716670469aa,c123bad0f1f9d588,True,5
93511650-e9e9-4fbd-a971-9c0ee899345b,4a34c787-bdd6-442f-978b-590a62b557f2,95d0e2440b6111b3,a44f8c4d87890bad,False,-1
2a5f9b97-294a-43bd-8e2f-d51b5c634b02,a0ed6ea0-9ca3-476e-9643-a23fb566d537,796ed20528ca24d2,03056ab9be391084,False,-1
22a52e07-9e80-4e86-9eb1-4211ffc984e1,a0ed6ea0-9ca3-476e-9643-a23fb566d537,15cadcdd4afca7c8,240852717f50f91e,True,2
75687eff-7aff-4e8c-bcb6-3c6cdd5a7cb7,04795039-6bb2-4022-92c4-4eaceb902ec0,e7b7f7afbaab6f5f,6b489b3921e5b10e,False,-1
105c2125-02eb-405d-b926-e1b809755849,563e43fa-b8bc-45dc-8d60-a4c2093ddff5,1043ab3f2be01684,be9d05eba409d61e,False,-1
8c90a4ea-f5c7-4500-af7a-30f63ecdbf1e,96d20b35-2b7d-4e89-bcbf-27c84aa35780,810d878d52822fc8,dc5b919dc755a6b8,False,-1
648e13d4-4eb2-4122-918d-d8e4ae06c3b2,5a65738f-e1b8-43f7-8dea-0fcf02106715,10ffe29bc0285d1c,e87e36143199bd2a,False,-1
3ca620c7-b96e-42b9-a526-a79f1356c986,5a65738f-e1b8-43f7-8dea-0fcf02106715,61c1c63792aaae60,d998bc292cb66f74,False,-1
32722b3b-2c52-43eb-beaf-40bf52e6db91,675140ee-0253-4429-873d-17ab90b6837f,3fc11ae85451cc35,8928142d0f2b930e,False,-1
2ffbe934-d33a-46eb-8979-5d208013f658,04795039-6bb2-4022-92c4-4eaceb902ec0,1b4d3532326d1271,f9175fe5be1c2752,False,-1
20f42f60-f4cf-4eb1-8f80-ea33b5ee7ccc,4a34c787-bdd6-442f-978b-590a62b557f2,6bb5a94291bc6b6c,ef32947f731cd420,False,-1
287cae53-bc42-4b1f-ae95-fc23d95715bc,96d20b35-2b7d-4e89-bcbf-27c84aa35780,1c7304fa5ebd5c1b,08f655da774fc643,False,-1
897a3474-fa5a-44af-bf97-aaa9925bb321,675140ee-0253-4429-873d-17ab90b6837f,f44c830b80fa1914,e46372a2a3c03f44,False,-1
0e3fdbb8-3be4-4b27-9f23-1c0d913103de,96d20b35-2b7d-4e89-bcbf-27c84aa35780,0b69f139b56b5eb2,85603553db62071c,False,-1
ca01123b-6435-4bb8-b157-fdbf9aa3cb39,4a34c787-bdd6-442f-978b-590a62b557f2,2164f9769cfaeac2,ee60cf6b02ea846f,False,-1
ab46182c-9f4a-49b8-b544-b3da98eb9fd1,44959ef3-b42f-4e6b-afd5-7a0a81317b14,930c103d56e6d64b,fafc515aa2636e8f,False,-1
78bf8fb2-bc9f-48cc-9187-299458f6273a,04795039-6bb2-4022-92c4-4eaceb902ec0,2a0372a3413b5a52,5022818a2e505c15,False,-1
0f141716-ffa6-4a50-b171-95d8d53a3f27,44959ef3-b42f-4e6b-afd5-7a0a81317b14,bd40af7e277fd5bd,a2f071ed33494272,False,-1
0af69f34-0980-40e6-80ff-8a0ceddad449,61b65438-9271-42d4-9bcd-586c8aa58357,594a20e822b2490e,d075ff6d8537c091,False,-1
f2991303-7679-4d66-bdfd-efa2cc16d70c,28870073-fe65-44b5-b52a-6493dc0016fd,c12de3a8c0dfce22,67d23e217a97fbf2,False,-1
0e46ae8c-2283-449b-b20a-2657dce03d30,44959ef3-b42f-4e6b-afd5-7a0a81317b14,636b2bfbfe048f68,a7686963ede47a94,False,-1
93f0d1d8-bd11-4f3e-9377-e45f763f3f05,563e43fa-b8bc-45dc-8d60-a4c2093ddff5,4405273144ff96f3,ce8e1fd3433c3528,False,-1
0f2593e4-4e21-44c8-9af6-8ad28b981b9d,5a65738f-e1b8-43f7-8dea-0fcf02106715,c2d58c22559107d8,5e6c0bb9b9404ab3,False,-1
d50092ea-abaf-47ea-b918-b029259e5e56,563e43fa-b8bc-45dc-8d60-a4c2093ddff5,97c3fb4c938242a7,8279dff6783e6fcd,False,-1
02a940d8-32dc-426b-832d-104ada8b7dd4,5a65738f-e1b8-43f7-8dea-0fcf02106715,43f2a5195aadacc8,63862b2db56c246f,False,-1
bf23e047-3802-4d6b-91dd-f9eddf2c3325,61b65438-9271-42d4-9bcd-586c8aa58357,05187fcd54b6a898,0d8d55c9b82822d5,False,-1
b6a19826-d3f1-43f1-8dc0-f6e32a11e760,675140ee-0253-4429-873d-17ab90b6837f,498a6eb48c003c93,c4ccdc4415980eed,False,-1
d6a1ff46-f425-4e1d-b1db-7247bcc1cf72,563e43fa-b8bc-45dc-8d60-a4c2093ddff5,1d1a3fa3bad06d9d,03805e1c29d8047c,False,-1
f855f535-4883-46b0-8a0c-1004eac4c456,a0ed6ea0-9ca3-476e-9643-a23fb566d537,4656ff8073cf1e0b,9121148767bacd72,True,3
ea2e3a0e-dc32-4637-b44e-7a5d94f8729c,675140ee-0253-4429-873d-17ab90b6837f,291908d6796f6b94,f45e56159724366e,False,-1
90bdf620-1bc3-40e3-a0a1-7e0f426b123e,04795039-6bb2-4022-92c4-4eaceb902ec0,7ad552be2651c9e4,b486c8089156e51a,False,-1
8f4a76d5-423a-4656-bd51-706225dcc813,5a65738f-e1b8-43f7-8dea-0fcf02106715,2f84ee80d819c31e,6879837a8e82d278,False,-1
5338e47e-bb9c-480a-8084-fd0a6cc4b79d,96d20b35-2b7d-4e89-bcbf-27c84aa35780,026494dd6c34f5f0,9079b89efd2777b3,False,-1
6d7f7ec0-b412-4981-b5ae-bdfe4ffa4348,5a65738f-e1b8-43f7-8dea-0fcf02106715,deeef57128271145,da7f2bf9c9553bf6,False,-1
ec3ae39e-b1e8-4c7c-97de-e66ded4cf4e5,675140ee-0253-4429-873d-17ab90b6837f,4fdb3bb6e46265a1,fa599489733c135a,False,-1
4961fec8-1e5c-4835-8e20-fbbf65f7fe11,5a65738f-e1b8-43f7-8dea-0fcf02106715,7eabd0c8c4ac040f,47a68a8f51929a5c,False,-1
592b5826-0be7-4028-a6f7-97e058dad42b,28870073-fe65-44b5-b52a-6493dc0016fd,076bdb76af72b67c,83ed06742a78ed01,False,-1
56cdd48c-04fb-4d8f-be4c-cdcd552606fd,28870073-fe65-44b5-b52a-6493dc0016fd,7c7bc1ef6dec14fe,566d6cdcb7e5d447,False,-1
6b8925c4-cebd-4c02-b0ba-b992e86e5c98,04795039-6bb2-4022-92c4-4eaceb902ec0,e90457707cf6e9b4,8794e4655878c8b7,False,-1
8af30876-66b4-48a8-8367-44a5fa56b1a8,5a65738f-e1b8-43f7-8dea-0fcf02106715,44c406198e7d6cdf,56753b65abc65907,False,-1
15993381-b90d-40dd-b5a5-28f93df0c79e,61b65438-9271-42d4-9bcd-586c8aa58357,08cf0af60d893b31,5a81d065ff293327,False,-1
6a471cd8-5ce9-48fc-8286-7bd61b4acde9,61b65438-9271-42d4-9bcd-586c8aa58357,d0c3cdb6aa534781,3a2b9fa15b12e95f,False,-1
b6d409fe-a887-4b51-a2b4-5500872db42d,563e43fa-b8bc-45dc-8d60-a4c2093ddff5,46f469d4ee546f28,72dcd74d8f6d83c6,False,-1
0ed7edc3-edba-454c-b3ab-fe9edbb454af,44959ef3-b42f-4e6b-afd5-7a0a81317b14,042320478d4e4af6,7a07d34ca758e30b,False,-1
d2b656d0-df45-44c3-b56c-59dac4d1ef89,563e43fa-b8bc-45dc-8d60-a4c2093ddff5,4abba367ff5d243d,fef7a97f2bae8727,False,-1
d7de3bd1-420a-4af7-9c01-4bb55b6877e4,5a65738f-e1b8-43f7-8dea-0fcf02106715,e45eb248635a0097,62ab0b082dd6e8ea,False,-1
7b9994ce-2c4e-4bf4-836c-d4a1d852c5a3,44959ef3-b42f-4e6b-afd5-7a0a81317b14,18e830c22f6cc05a,50eced0ca5967cbb,False,-1
ffea44ff-c65d-43dd-b999-01c7c78e424a,a0ed6ea0-9ca3-476e-9643-a23fb566d537,768779722abbc5d4,6a60bc6ffd3cc301,False,-1
1c05567b-89d2-4d66-804b-79478ab02a8b,675140ee-0253-4429-873d-17ab90b6837f,2dc23a9afc2cb495,35728ed56f970496,False,-1
2187f3cd-54bb-4926-8dac-05081ae5d9e0,563e43fa-b8bc-45dc-8d60-a4c2093ddff5,9fefe895ae90187e,a9f55f23fa864417,False,-1
1a638ebf-862a-4e2b-8b95-aa014e14a774,96d20b35-2b7d-4e89-bcbf-27c84aa35780,98014d4d152ef87f,c405eb13d14ec152,False,-1
c5c4c59e-8a3f-471b-8650-e3524c3dd624,675140ee-0253-4429-873d-17ab90b6837f,9597af2f30e13b30,d8caff3ec2fe2c14,False,-1
0d516251-9a9b-49c8-9951-ee029a1f172c,4a34c787-bdd6-442f-978b-590a62b557f2,cbd65d6236fc7044,49601c6bae3b1e64,False,-1
7e730918-f2cf-40a9-ba01-10ca5d747183,04795039-6bb2-4022-92c4-4eaceb902ec0,6d471b3cf49a3f2b,1c5905ad3dbe6e6a,False,-1
e88312d7-7f42-4a1b-a3f8-3fb9dcd799ef,a0ed6ea0-9ca3-476e-9643-a23fb566d537,ca12b0603158cd37,b7bea2cb2bf8a969,False,-1
8221116e-ffb7-4d56-b0d0-ff38d6237a66,04795039-6bb2-4022-92c4-4eaceb902ec0,bdfdfacc25dc3ac0,1de9348c7e542e64,False,-1
09f52937-8b5e-45a8-a001-ac9fdaecc676,28870073-fe65-44b5-b52a-6493dc0016fd,87cce5e2508328f9,dac1e161cc7247b0,False,-1
4864ff65-6358-43bd-9592-ccbe3ae9c456,675140ee-0253-4429-873d-17ab90b6837f,982ee30d011a59ac,e9b9f21ff11dfd1d,False,-1
1c2078ac-6740-4993-80fe-6a4a9bd8abe3,96d20b35-2b7d-4e89-bcbf-27c84aa35780,119630221d4cc64e,9db03a1e00cd45db,False,-1
807ebdb7-62a2-4af9-93b9-d6cfbb7e14a2,44959ef3-b42f-4e6b-afd5-7a0a81317b14,d939cd67f8127f5e,2d243bd0a5d4c9f8,False,-1
3fee382c-a8de-4f6a-a99e-f5a5e100dfdd,28870073-fe65-44b5-b52a-6493dc0016fd,530f2885bc0a4a82,e9afac6d02c239e0,False,-1
232737cf-f404-4c18-a5a4-58844d41ac0b,61b65438-9271-42d4-9bcd-586c8aa58357,778e88b6e6aa7bf0,24b7cd75ba9460c6,False,-1
182d521b-0240-4251-9c73-01be74e946ea,5a65738f-e1b8-43f7-8dea-0fcf02106715,6fa84eac95cfb40d,7a30c917ce0995b4,False,-1
c49b9beb-d974-4451-bb06-6cc9113bb693,61b65438-9271-42d4-9bcd-586c8aa58357,196da53fc052f7ec,9f1f5668710d3cf4,False,-1
d9e11020-c067-4cdb-b8d4-5937c1e3ab95,04795039-6bb2-4022-92c4-4eaceb902ec0,7c13cad907918d7c,3869dd4a1606eb3b,False,-1
80ca1354-4f15-4a9b-80d0-0b1cbc9f479f,28870073-fe65-44b5-b52a-6493dc0016fd,9bc076e5fe25684c,b5e599ebeb1b6558,False,-1
9265edd9-8006-41d0-9902-ead7673c42f5,44959ef3-b42f-4e6b-afd5-7a0a81317b14,ffbec9505471766e,bec8329b57be60c1,False,-1
5a2b9629-7d33-47d8-a3d9-79936d5e2367,04795039-6bb2-4022-92c4-4eaceb902ec0,c5641ed1b6bd3cf1,4c790969c4de7410,False,-1
a74e7141-edb6-410f-8792-75da2ce9645b,96d20b35-2b7d-4e89-bcbf-27c84aa35780,9b37f99b4daaea1f,b7a8b3f7b75ff38d,False,-1
6deef4ff-0faa-4cb2-a885-7fcbc729c035,675140ee-0253-4429-873d-17ab90b6837f,7a1879cad471374e,8d0d8e9177402955,False,-1
c63c3c8d-403e-4400-9105-fc4f2233ef6f,04795039-6bb2-4022-92c4-4eaceb902ec0,00f4704109b3db42,c4ab43e28e637bd3,False,-1
2f6e3c8b-02a7-4970-b0d2-b1c2653d3a8c,563e43fa-b8bc-45dc-8d60-a4c2093ddff5,b21d39b991412a22,0531596afcb3b04f,False,-1
0db98211-112e-4992-93be-41142e5242a5,a0ed6ea0-9ca3-476e-9643-a23fb566d537,daff848122b0cdf1,413c3cc63f49d987,False,-1
cf339214-0bdd-4cfa-bbd7-36f83bde4453,563e43fa-b8bc-45dc-8d60-a4c2093ddff5,d96aafd7c8c8ae68,41e614d1f16125c5,False,-1
02d29345-609f-4574-86d7-0740432aab0a,96d20b35-2b7d-4e89-bcbf-27c84aa35780,11cfc76a250fb223,070385c64d833000,False,-1
b0eb415c-ddb1-49af-ac43-912d22318045,a0ed6ea0-9ca3-476e-9643-a23fb566d537,70080ad1e0443671,dd7115c5a897f0f3,False,-1
b3652a1c-9434-4161-a5ba-42717a37816f,61b65438-9271-42d4-9bcd-586c8aa58357,e1ca745fcdcfe71c,d468ea79a1aed1f7,False,-1
15b80efd-19ce-44f8-ab3b-51b9cfa15be2,563e43fa-b8bc-45dc-8d60-a4c2093ddff5,f98ff945b1cd7e81,dfbd9430a413d461,False,-1
498a1332-2b9d-47b3-a9b2-05ef9aa1d0fe,28870073-fe65-44b5-b52a-6493dc0016fd,7370138714f19f51,0ea5e8614d71f74d,False,-1
6e8cbeaf-6eb8-4074-a716-3fd5e91a42e0,5a65738f-e1b8-43f7-8dea-0fcf02106715,275bd97c50139089,20799ede7e1c3071,False,-1
32c7aa17-91e9-4f12-a709-2ee4b540fe98,a0ed6ea0-9ca3-476e-9643-a23fb566d537,cc1dbbecaf420bc3,84f83b8898f5ba5d,False,-1
f61b9f40-d465-44de-93e9-4712a9ee0ca5,96d20b35-2b7d-4e89-bcbf-27c84aa35780,7bb4e5f485f0cd07,87b7c5f4ddacd490,False,-1
b830cc10-da9c-424c-9d78-db5a98c38f30,4a34c787-bdd6-442f-978b-590a62b557f2,0e9de5a92b2d7a88,ce120803c6e41ab9,False,-1
932b99eb-117a-4721-8a47-a01bc4035bfe,61b65438-9271-42d4-9bcd-586c8aa58357,c8fae19d650debb1,edc0177a5ea75c14,False,-1
7abe3fca-acb9-4664-b926-e8245d424f41,04795039-6bb2-4022-92c4-4eaceb902ec0,51b12dc2ec30cc18,8f421d1eda94f388,False,-1
40938bad-9689-417b-bc09-bee4d691b436,5a65738f-e1b8-43f7-8dea-0fcf02106715,740dbfedd4ba3b24,b09fc042c8d62916,False,-1
c4a5af2b-8c87-4677-8975-4051673a9cb3,675140ee-0253-4429-873d-17ab90b6837f,f5bdff47fa40775e,efa9294765eb208c,False,-1
361a58c5-6f31-4f0c-94d1-fbbf8e3f1271,a0ed6ea0-9ca3-476e-9643-a23fb566d537,ea5b0d14f222a047,74ed07897c583f82,False,-1
4f8bb5eb-6377-4be8-9d4e-dbc2cc647517,5a65738f-e1b8-43f7-8dea-0fcf02106715,c2aabe9ea75147d5,52dc13676c9c0ab6,False,-1
7db82ba9-4662-4765-ac8d-a8e0a313bcf4,563e43fa-b8bc-45dc-8d60-a4c2093ddff5,905cd240a5cc788f,a468708edbb428f9,False,-1
5c556cd4-b606-4241-a3eb-d6b0ea20f5d5,4a34c787-bdd6-442f-978b-590a62b557f2,6192a585c471e11f,6c1af1dceea3eebd,True,7
fdf0916d-e738-4841-9aa1-96073cbecff8,a0ed6ea0-9ca3-476e-9643-a23fb566d537,89628d63d371cbc7,a28736b473e74d2b,False,-1
c016081a-fa86-4e08-b217-4398cfbe13d6,61b65438-9271-42d4-9bcd-586c8aa58357,356dac01389937f1,22a0c3c5eade46fa,False,-1
585f80b9-d8b4-4b65-9fae-42ce1ce3a873,96d20b35-2b7d-4e89-bcbf-27c84aa35780,a23fb81a377fdcdd,ff8e50ae71b1d337,False,-1
18bb31d7-424a-4c8f-9ed1-ff4919002691,4a34c787-bdd6-442f-978b-590a62b557f2,9b746d4e7951bfe0,c51e31f2083d5ec7,False,-1
0dd14ae4-cf32-460b-8262-b0b92efb8e23,96d20b35-2b7d-4e89-bcbf-27c84aa35780,664623fee1adb8a7,7c2a4201539a079c,False,-1
b0335aae-685d-4adf-8a87-8d91c7ecc479,563e43fa-b8bc-45dc-8d60-a4c2093ddff5,caeac5de422f5222,fe663985bafd4aa9,False,-1
6ff35dbd-3152-453f-872b-c6f30afd98fa,563e43fa-b8bc-45dc-8d60-a4c2093ddff5,8f836a74cfc90935,78fa7e55b3421e8f,False,-1
8b61d826-ac4b-4bf1-bf2a-371d9e7f3256,61b65438-9271-42d4-9bcd-586c8aa58357,72757ee05be38650,e097e96557171adc,False,-1
70ac4a4c-b74c-469b-ab0b-cd4907ed8484,5a65738f-e1b8-43f7-8dea-0fcf02106715,bd8cb7a5192f26cb,d2452586d93a77db,False,-1
515c70e0-da84-46e5-a075-6d32ba27518e,44959ef3-b42f-4e6b-afd5-7a0a81317b14,ae7f6dc460b3e603,3c3720dea48b10c6,False,-1
c9711493-6a94-47b7-8a54-707ceddd2394,5a65738f-e1b8-43f7-8dea-0fcf02106715,64f953b7f4bc82e1,d33a92ba67d9a149,False,-1
d6bcb24f-6de3-4048-a830-22024c3397c8,a0ed6ea0-9ca3-476e-9643-a23fb566d537,aaaf694bf5575252,33cd2d7ad79b5ee2,False,-1
7bc71dda-e496-41d2-93f9-7a14320c73f3,04795039-6bb2-4022-92c4-4eaceb902ec0,fa610608127dbfd5,e17773c8276a58eb,False,-1
5e8ce139-79cb-46dc-b5d8-9d189ff04025,4a34c787-bdd6-442f-978b-590a62b557f2,64b9627926c89e8c,effffff6e78a2b93,True,7
20a5cea4-c7bf-4da0-bbe6-8f8f16d53e90,04795039-6bb2-4022-92c4-4eaceb902ec0,a412b96b99b090d1,1d103bc2396f70a9,False,-1
c7dbea13-d4ee-4142-8f35-2b45986204b6,5a65738f-e1b8-43f7-8dea-0fcf02106715,453ac95d793212fa,40766dbb58ff6804,False,-1
124e9746-858e-4d43-ba00-5a1848f99fe5,96d20b35-2b7d-4e89-bcbf-27c84aa35780,83c362c963c2c87e,b37e8af285136f8f,False,-1
dd2884c7-069d-4a13-afaa-210d6a9cb97b,61b65438-9271-42d4-9bcd-586c8aa58357,722b994d62db3db9,ea7b389db7984aa4,False,-1
24d2ba7e-e562-488a-9ab2-dab0ea5b43dc,96d20b35-2b7d-4e89-bcbf-27c84aa35780,253f804ec1606311,d09bfcf6d4ad02e7,False,-1
e6aca476-de3d-4dba-82ca-84218a5c958f,28870073-fe65-44b5-b52a-6493dc0016fd,19d2f25a1b47a082,b090245d00967931,False,-1
d2a9615b-1c14-42d4-bb1e-c3b91d36c2de,4a34c787-bdd6-442f-978b-590a62b557f2,bc664bff72e80e87,0fde775f54a35959,False,-1
1bf0d39e-6dfc-4d6f-b5ee-0d49d325f31f,4a34c787-bdd6-442f-978b-590a62b557f2,2f730a2fb075858c,3082814d2f8634c3,False,-1
d9da3438-3b06-4f2d-b06e-03b295419b0d,563e43fa-b8bc-45dc-8d60-a4c2093ddff5,f87c3cfd50947086,1bfd51974a3ccffb,False,-1
4829cf6f-d5d6-4b01-84ca-d75da9a3b9f2,44959ef3-b42f-4e6b-afd5-7a0a81317b14,a5913a080f36de52,635ce189115a0a0c,False,-1
30b832a2-b9bb-46ec-ae80-c39f812aabbc,5a65738f-e1b8-43f7-8dea-0fcf02106715,87d8d134f1826ce0,79a142fece3924d0,False,-1
cdf4bb81-1268-459c-874f-907085ffda86,4a34c787-bdd6-442f-978b-590a62b557f2,aef075ee29c088e1,78a8f084c0c029d6,False,-1
f6e97bf3-6c24-44a9-9faa-67f7e6c37124,44959ef3-b42f-4e6b-afd5-7a0a81317b14,83f3cc956458e1d9,e413a94efbe1090d,False,-1
6f41dc54-0ece-40db-937c-4b45b8302629,4a34c787-bdd6-442f-978b-590a62b557f2,7888a7e4f0cd3259,02a275310318b453,False,-1
89007cf8-a86b-4dfd-9111-f5c7faf8ee32,44959ef3-b42f-4e6b-afd5-7a0a81317b14,b8c598676a83adb2,c0a9f93da4089c6a,False,-1
674ee59e-49a6-491a-81d8-8ff87abdce95,04795039-6bb2-4022-92c4-4eaceb902ec0,b722d152aef6b25f,e46fd19bf330a0f0,False,-1
c736523b-5cf1-4292-9c2b-606e4f7302c1,675140ee-0253-4429-873d-17ab90b6837f,ca59c41249336ca7,dd97cf3dfee5496b,False,-1
d83608ac-90cc-46dd-b3bd-6ce0e44330e7,5a65738f-e1b8-43f7-8dea-0fcf02106715,d787187cdd0ca2bf,28e55b982d440466,False,-1
9d012fbe-450a-4ea1-872e-a3b4fa053c7f,61b65438-9271-42d4-9bcd-586c8aa58357,a3c907f3a47f517b,32f914a403dcfc21,False,-1
6dd81762-0654-4dbb-b10d-cf1aafc85f50,96d20b35-2b7d-4e89-bcbf-27c84aa35780,ec8441956bb303a6,7e0dc2a8d58c92e4,False,-1
06be020d-37d3-4d07-9be4-5f62f173fd07,04795039-6bb2-4022-92c4-4eaceb902ec0,0cb53d65571d027b,ad17ce5ec2053557,False,-1
93103b2f-059a-4224-9a3a-cb08042a5831,a0ed6ea0-9ca3-476e-9643-a23fb566d537,b1bdd6cf1268cc99,018ce431dac53c6d,False,-1
22e691e7-b355-43c3-ba12-e9b49255eb77,675140ee-0253-4429-873d-17ab90b6837f,03b321508a75cbdb,fe6e6013334a5089,False,-1
c570bfb5-4019-4d85-9d21-37d7306cdb7c,61b65438-9271-42d4-9bcd-586c8aa58357,fbf4e24437288b56,ab5ac7efc12fafca,False,-1
e8ffb7f0-0704-47f0-ae73-1fb3b6ba3660,04795039-6bb2-4022-92c4-4eaceb902ec0,17a9c6c5ff986bf6,fd4e467aa69dd457,False,-1
b398a42d-2d92-4293-908c-a15750c26efe,675140ee-0253-4429-873d-17ab90b6837f,d84093960efec2f7,424e94f2b8535f6f,False,-1
8e55476b-e796-4f96-8df2-05cd6ee000cb,a0ed6ea0-9ca3-476e-9643-a23fb566d537,d943e908cec12dc4,56d03a703a19083d,False,-1
8ccab020-dc1b-4159-80a1-4287f9df74d7,a0ed6ea0-9ca3-476e-9643-a23fb566d537,bff1dbbbbd80406c,48c05aa5eff0eaed,False,-1
dad07b84-0b4c-4f86-9dff-0bb507c913ff,28870073-fe65-44b5-b52a-6493dc0016fd,2de5263bbb59dcea,be3804908841104b,False,-1
208575da-7be0-4e2f-88db-de684786ca53,28870073-fe65-44b5-b52a-6493dc0016fd,e514e18367ba9d24,db7764edbb9b5f67,False,-1
08c810b2-d773-4caf-a609-a37d6f265980,675140ee-0253-4429-873d-17ab90b6837f,b17cdbe388eaa35a,a33bfa7fc70c4aba,False,-1
e9544006-26d5-48df-b43c-a6d3be66b04c,04795039-6bb2-4022-92c4-4eaceb902ec0,cfe829cedda5af14,3a0b86d851ceff07,False,-1
273dc3e3-be39-4ad8-82aa-25617f256ed6,675140ee-0253-4429-873d-17ab90b6837f,28fc3ebb1cd2ebb0,4cfbfa735a3dd607,False,-1
92bf72ce-27bf-48ec-b2b6-d312e59a04e0,28870073-fe65-44b5-b52a-6493dc0016fd,6d307aa7fe39b5a8,cee9a9060088f78b,False,-1
bd6536d6-833d-49cc-8a3e-c4072f0d9ffe,5a65738f-e1b8-43f7-8dea-0fcf02106715,6fe64ce8ccbc2b58,74b178a83a6f0255,False,-1
8b1fcda1-bd48-4320-8e82-d26d91849558,563e43fa-b8bc-45dc-8d60-a4c2093ddff5,f99442abb9790dbc,48ae9c1e76d34cd0,False,-1
d821072c-2bf1-42a8-b1c2-59c84ba8a1a9,96d20b35-2b7d-4e89-bcbf-27c84aa35780,6beb4c514cd01e95,d477c7f5cb75d7ee,False,-1
4975958b-6bcd-44d8-831b-52848cd9a9f0,563e43fa-b8bc-45dc-8d60-a4c2093ddff5,8c96c8d164f2b6e8,17b009d78038e744,False,-1
2114103e-671e-42bd-812a-7ce04a8ef51a,96d20b35-2b7d-4e89-bcbf-27c84aa35780,7f1c6f7734facaec,f556d011d6303680,False,-1
f1378cc2-caf1-4e91-8caa-5fff759d7322,a0ed6ea0-9ca3-476e-9643-a23fb566d537,398bb93eee348b83,4610fbcb152bfd0a,False,-1
09f33ee3-405e-4dc0-8bad-9a5c98588a0f,675140ee-0253-4429-873d-17ab90b6837f,b1dccedab72c9dab,0400784e4c9967f7,False,-1
34b1f84a-e080-42ab-b0ca-92ddc82b8eaf,675140ee-0253-4429-873d-17ab90b6837f,e6026c5b8340acd1,8c9c77338743205e,False,-1
ddaaddf4-643f-40be-a5a1-0bc50f3536fb,61b65438-9271-42d4-9bcd-586c8aa58357,4e937ef6d3da7b1e,74056228393db0f2,False,-1
1ecdcebc-4e03-4070-9026-a094e858d396,04795039-6bb2-4022-92c4-4eaceb902ec0,24afa1c12572c106,5106b69d9934139b,False,-1
165312f7-fc8e-45cf-bbae-5d6f4c523ee5,5a65738f-e1b8-43f7-8dea-0fcf02106715,25538d0ab917d64e,94009df7f0aa4be1,False,-1
142f9d92-a376-4f3d-bbed-4a18201febdf,675140ee-0253-4429-873d-17ab90b6837f,b3d156f469cbf5a0,6fdacf0c7719de7e,False,-1
eb9dbf86-615b-4bc1-ac0f-e588e9e7e976,563e43fa-b8bc-45dc-8d60-a4c2093ddff5,62bfa617c7c5a67d,82dd4b96e7e82176,False,-1
4d95524c-6f34-4d2c-b69e-b8a24a7d038e,61b65438-9271-42d4-9bcd-586c8aa58357,fc86776b4579dbcb,50eaa408a2d77927,False,-1
9289ddf2-75d3-4266-950d-cdd178505d96,4a34c787-bdd6-442f-978b-590a62b557f2,31fe5e2e579bd5d1,9d6178d2bd7fb7f5,False,-1
2dfba316-f400-4d3f-b981-35bf3f463d4c,04795039-6bb2-4022-92c4-4eaceb902ec0,6c92384bf006e6d9,54f80501b7ee486d,False,-1
7ba16a4a-2daf-455a-b482-4692fcac03b1,04795039-6bb2-4022-92c4-4eaceb902ec0,eb28c0d601197ba1,77bce7cd2426622a,False,-1
1ba9a5c0-6b07-4c28-ba2c-204d5acebc00,675140ee-0253-4429-873d-17ab90b6837f,5112f613799a17d3,f489b4f40756fa87,False,-1
9216db80-f1fd-45e0-86b8-94df5b1d9d92,4a34c787-bdd6-442f-978b-590a62b557f2,a60587ad0a08cec4,7434ba8c2634d129,False,-1
ab2ef905-a5df-48f2-8dfc-cb106b59a0af,28870073-fe65-44b5-b52a-6493dc0016fd,39f3141a2d1141bb,d80206f3393da464,False,-1
010b8662-6aae-4c3a-8f65-04972053375c,675140ee-0253-4429-873d-17ab90b6837f,3694a74b81a208f5,23283e17a8dfac00,False,-1
032d5b15-253d-4b0a-a9c3-d8ef8c765efc,a0ed6ea0-9ca3-476e-9643-a23fb566d537,985272546c5b9164,779d5f4979361796,False,-1
13c20525-e7d4-4e70-8b57-f6d1ea573aa4,61b65438-9271-42d4-9bcd-586c8aa58357,1a576680453854b9,04fdd568dc878d27,False,-1
ccac810d-7d9a-4a62-a14a-e6c68ed76839,4a34c787-bdd6-442f-978b-590a62b557f2,4f566dae506d9467,0846adb46e1e1b51,False,-1
9856042d-a4ee-4b8c-a806-1980190aebf2,61b65438-9271-42d4-9bcd-586c8aa58357,308dfc0f664bfa7b,7f69b57cba87fd69,False,-1
f67f34a8-9bf6-4d07-9a00-f720566a657b,28870073-fe65-44b5-b52a-6493dc0016fd,1ac4a2611c6412d3,b0fd29db60a18f8a,False,-1
cddf242d-9082-44f3-9d73-0dfc37c4458d,4a34c787-bdd6-442f-978b-590a62b557f2,72dd12a55644ed85,eedfc321b747e5a2,False,-1
95699fd7-568a-49e0-ab69-4a73cc2f63d0,563e43fa-b8bc-45dc-8d60-a4c2093ddff5,a26fbb8981153984,c33ac5792bf2f195,False,-1
d762998e-3432-42da-96ea-70580e5180f5,a0ed6ea0-9ca3-476e-9643-a23fb566d537,6409e79acdae05f7,a9b8f7f1a3bbe1f0,False,-1
da32a34a-8d56-440c-b40a-3df0ae643d0c,5a65738f-e1b8-43f7-8dea-0fcf02106715,a8ca8703230bddd7,70a8b486cf7dbd4c,False,-1
4d7a8c6b-2561-410d-a015-cc625ded46a4,5a65738f-e1b8-43f7-8dea-0fcf02106715,027acbd8402c2bfe,cb0d605c0dd9b89f,False,-1
d5d69dbc-5d25-4d8e-aef4-a18be619c099,44959ef3-b42f-4e6b-afd5-7a0a81317b14,4f36d947ff84ec85,8788785453c38016,False,-1
cc76a861-2142-4882-8738-52589c39f640,44959ef3-b42f-4e6b-afd5-7a0a81317b14,ff7f3ef8cf82fe21,0e5125d57cf38341,False,-1
5d582a45-a10e-4580-a6f8-ac744d5bceb2,4a34c787-bdd6-442f-978b-590a62b557f2,0c1e0bcafb27b1fc,272d8efe19ee9b36,False,-1
093babf5-2c3b-4a1f-b8d7-ba9336224926,5a65738f-e1b8-43f7-8dea-0fcf02106715,e003bce1286ff320,e84623456f1ad768,False,-1
b0311e0c-f962-4cd8-915f-9c8659d54eca,675140ee-0253-4429-873d-17ab90b6837f,b7a7954a6098e0de,d49b046d94515dc0,False,-1
f1ae081c-a555-41ff-a989-e4765682d469,28870073-fe65-44b5-b52a-6493dc0016fd,b591998ae3723045,67bd4378508bbc8d,False,-1
80b296a2-ce30-4e9e-a3df-1f0d8b05a617,04795039-6bb2-4022-92c4-4eaceb902ec0,7bc8890d16209c02,4f4fef4c84a7b6d1,False,-1
e6c9edcd-ea73-4255-8f7e-881f8edfba8e,4a34c787-bdd6-442f-978b-590a62b557f2,2f2bc7d9417da600,32f4b691ebe53c61,False,-1
eb69bb2a-31f8-4f4f-8e2a-6e27fbdd27e3,4a34c787-bdd6-442f-978b-590a62b557f2,446ae23c51b79474,f0c9e4cc131ef031,False,-1
5bc8bd9a-d6d3-4749-9c4a-9ba34556ffe1,5a65738f-e1b8-43f7-8dea-0fcf02106715,ba629a56be553a28,9a4585d4ab050ecb,False,-1
afa78c66-b1ca-4455-beda-736a0b91d7f1,a0ed6ea0-9ca3-476e-9643-a23fb566d537,c90237287f31f8e0,1b3853117379c3a2,False,-1
19b2826b-1743-4314-a148-97334d5cc343,96d20b35-2b7d-4e89-bcbf-27c84aa35780,d69f7e74a75d22ee,e95ca4573fdd236d,False,-1
8b20be0c-5a65-4499-b0fd-dd1f9df2c223,04795039-6bb2-4022-92c4-4eaceb902ec0,8873cc303194324b,2e44b0e12d8996e1,False,-1
c07637c9-dacc-4927-a750-ec33763833a9,4a34c787-bdd6-442f-978b-590a62b557f2,25c4dead783a22b2,7c25f613afbe62af,False,-1
ccc086ba-97be-40cc-84aa-6f643f61c3fa,61b65438-9271-42d4-9bcd-586c8aa58357,b20dd07042fec210,f2adbc8d32e1eaab,False,-1
81cf37c0-297a-4ee9-9a0d-4b91ef5a8962,28870073-fe65-44b5-b52a-6493dc0016fd,dc46049a1a7d4d5f,7446d79770400ec2,False,-1
ca7a7f50-d6d7-4118-9c51-a5760e611419,96d20b35-2b7d-4e89-bcbf-27c84aa35780,5b3b3658e9611197,3c05593ec5820e3c,False,-1
cfaf3b90-d5b8-48f0-bdc5-b4318a563fda,563e43fa-b8bc-45dc-8d60-a4c2093ddff5,6741e5ef658f280b,77c9b1c0cb9f64b4,False,-1
f567aecc-9d3e-4b10-bc95-5b762ca7edef,4a34c787-bdd6-442f-978b-590a62b557f2,9826e5a3e05116f2,409497fd6f60f71c,False,-1
5bdaf630-9f4c-4b1d-8fae-569de6530b50,4a34c787-bdd6-442f-978b-590a62b557f2,7b6a6c634b0c52e3,15a935ecbc4a018f,False,-1
5c536c2a-584e-4a6a-9e44-fcc163456ef2,44959ef3-b42f-4e6b-afd5-7a0a81317b14,c7589be8a500ce4a,f8e4a7d062712208,False,-1
384a3585-330c-4aef-af15-79c36da89091,61b65438-9271-42d4-9bcd-586c8aa58357,f01dee762c2f5e4b,5adc65c0adb236ff,False,-1
8de14d49-c8db-4883-a4e1-f9c7cb908509,04795039-6bb2-4022-92c4-4eaceb902ec0,cc4e7ef01aceb2a5,784b1f223cdc2af4,False,-1
66a4efc2-3f93-43fd-89a8-12e9a47d713a,4a34c787-bdd6-442f-978b-590a62b557f2,73ca4fcf879240d1,35ca2cce56c61305,False,-1
6c37392c-7fe1-4409-8520-a4d824082f31,4a34c787-bdd6-442f-978b-590a62b557f2,a25b7507b9eeafcb,6ef6299d3136d017,False,-1
61da7e43-fab9-452e-b528-a4e3f3574a71,04795039-6bb2-4022-92c4-4eaceb902ec0,6201c1f3e4ffdb09,ab991775abe75909,False,-1
fe11c8a9-eb71-4d6d-9a28-4613f126b5b2,675140ee-0253-4429-873d-17ab90b6837f,6b7cf6b7647ddff7,455ac2819eafdee2,False,-1
9dcf3334-e499-4d86-a01f-0bf45c600633,44959ef3-b42f-4e6b-afd5-7a0a81317b14,fb891cd04ec3bd9d,738a86bdb15df254,True,1
cf2683fb-efca-4d3e-a6e2-3108998e0432,44959ef3-b42f-4e6b-afd5-7a0a81317b14,e25319eb0cb38552,47ce5be1cce0f36c,False,-1
09090a05-aa5f-4144-900c-aebfab921a50,28870073-fe65-44b5-b52a-6493dc0016fd,f161ce1fd0500601,c18a5450a95582d3,False,-1
b595675a-fc3a-42c3-97ca-83eae28964de,4a34c787-bdd6-442f-978b-590a62b557f2,2808b2ab4af7032d,d7edf8410ec529e5,False,-1
3a02835b-2daf-4d5e-9e2b-ba470d235c98,5a65738f-e1b8-43f7-8dea-0fcf02106715,6144135c5d064d34,5eb8bb59c88adee1,False,-1
c5438b32-fd5d-433f-a870-462620675957,a0ed6ea0-9ca3-476e-9643-a23fb566d537,2815c8d768ab73f1,f72f456f6aa6982d,True,0
6d6da75c-182e-42cb-b207-237bcdb63f32,4a34c787-bdd6-442f-978b-590a62b557f2,8b5352ad97292957,b0c43d262d7bfd18,False,-1
fa205a2e-17d5-4fa8-98c4-17392bc2622a,563e43fa-b8bc-45dc-8d60-a4c2093ddff5,d428814ad275b6a3,16b06f593a3677ba,True,4
3e73c4b2-0748-4ec1-822c-5ed7739a4ab7,a0ed6ea0-9ca3-476e-9643-a23fb566d537,5281b02e0365ba64,c18b0add39279e58,False,-1
22bfac8d-706e-4e1c-b6d3-b0b19e476f27,4a34c787-bdd6-442f-978b-590a62b557f2,611a7c167b38abce,4e28d8cf12a9ec4c,False,-1
c39cf76f-3801-4eb3-8161-4397567eb30f,96d20b35-2b7d-4e89-bcbf-27c84aa35780,dc95758c9afb489e,f3a9673c706c3105,False,-1
417a26f1-4a86-49ca-8287-f93ce8135a52,675140ee-0253-4429-873d-17ab90b6837f,0d37178416656aa9,7ac9f2b4c1f1cc62,False,-1
f84f412a-5a63-47b2-9924-3b688b0cbd20,04795039-6bb2-4022-92c4-4eaceb902ec0,3a5f059df6ade552,93b589c6558f50cb,False,-1
1fdc65d0-6dff-4b4c-b1a7-9b7f2f17e2e1,a0ed6ea0-9ca3-476e-9643-a23fb566d537,9cfcb5e19e88a755,8b4c0aa72fc288a8,False,-1
afed4190-92d5-4c7f-b19a-bce2f8818a44,5a65738f-e1b8-43f7-8dea-0fcf02106715,54df6521a420d76d,f8f39224c771a128,False,-1
2d3d1529-ef79-478a-871b-f4f752900720,4a34c787-bdd6-442f-978b-590a62b557f2,23864fd6e6bb95b4,8e7bfeb8df40824c,False,-1
26a327c5-5445-4420-8408-7a3230bfaf31,563e43fa-b8bc-45dc-8d60-a4c2093ddff5,817f2159b625d910,faf6a3b560c9a86d,False,-1
c87430e9-8b1e-4ffb-9783-5c20f8c94756,a0ed6ea0-9ca3-476e-9643-a23fb566d537,34c6f781598cfc64,1b75a41b9a173122,False,-1
2254914a-5a15-4546-aa41-e11742a2f29c,675140ee-0253-4429-873d-17ab90b6837f,326f52eff5faaabf,71de43933322e88c,False,-1
4bc574e3-5e3e-434f-899c-81921ea98f6a,61b65438-9271-42d4-9bcd-586c8aa58357,ec4727ca42235cd4,91acf1f8adf6363c,False,-1
a8b7f27a-8385-40d5-bb13-48c52ad31e85,5a65738f-e1b8-43f7-8dea-0fcf02106715,5bda8cfb4984f689,e49bea4e316ba0ad,False,-1
613e5c38-d94a-44d9-bffa-88f193a67f1b,5a65738f-e1b8-43f7-8dea-0fcf02106715,f911d3841af7c9cb,0af3847f63b93200,False,-1
2e7a8f1f-2455-4c90-811f-d41cdd1c167f,4a34c787-bdd6-442f-978b-590a62b557f2,67866d7ba5a0e7f1,07863d0ec73446e3,False,-1
b361b513-476f-4c89-b11f-cc47389f34d7,563e43fa-b8bc-45dc-8d60-a4c2093ddff5,73b28b72ee18eba9,bde9944ec8d669ec,False,-1
9c5fae3c-5544-4abe-a785-1bf267c3517c,563e43fa-b8bc-45dc-8d60-a4c2093ddff5,458d09278f90768d,e9c77c1bfb5dac6c,False,-1
cb8fa695-5644-40a4-aeb1-27ed0e10d4e2,96d20b35-2b7d-4e89-bcbf-27c84aa35780,814daa5d606e48bd,2db2d6d534eeac24,False,-1
78f133e4-0285-4910-a5e9-f7235abc2623,96d20b35-2b7d-4e89-bcbf-27c84aa35780,55156f99d80c2986,77c533945f0f7faa,False,-1
116f7622-8328-4f67-b6ed-e7ddcbe3fb78,61b65438-9271-42d4-9bcd-586c8aa58357,db3f901a0e25d940,ee45856c331311b2,False,-1
754fd8b8-fc49-4f94-a79c-bbbb2976552b,5a65738f-e1b8-43f7-8dea-0fcf02106715,d1ba42e4c2c21158,1a480cf764c3f97a,False,-1
f6cbcc44-56b8-4065-a3a7-21e38c82d78b,5a65738f-e1b8-43f7-8dea-0fcf02106715,8830b30e43efd690,17c93a8aa6a22699,False,-1
9dfa4167-b407-4c9a-b3fe-4080b57c6218,675140ee-0253-4429-873d-17ab90b6837f,d5220abf2c81798e,183de4a99b8408f2,False,-1
4309b632-8af4-496d-98c3-dbb27bfd01e3,04795039-6bb2-4022-92c4-4eaceb902ec0,46451922cfc210ad,b22e67141f47ebe7,False,-1
9650b36d-2df0-4d21-b460-46416d8d9168,04795039-6bb2-4022-92c4-4eaceb902ec0,2f41a8f9b9884367,74368d0228a1e796,False,-1
d436e442-03b0-49a4-ba4b-b55f888cdf7f,44959ef3-b42f-4e6b-afd5-7a0a81317b14,5088422078704105,7a321a9ba325f5ea,False,-1
148ddd28-4a2e-4a42-b567-7b898a989377,675140ee-0253-4429-873d-17ab90b6837f,64d1142c9cefa8c3,c5d961675b8e8625,False,-1
a76ed17c-81ea-4d93-a7f8-824890b5d436,563e43fa-b8bc-45dc-8d60-a4c2093ddff5,1392062c0e089e73,27d8fc8c8dbbac9a,True,1
9bbcd5e5-9f6f-4557-8f14-30fe435b8882,675140ee-0253-4429-873d-17ab90b6837f,8aa10905e445b1f0,6db0e07712e265b6,False,-1
cfdf07f8-e3c1-4075-8d7c-66a85a257814,5a65738f-e1b8-43f7-8dea-0fcf02106715,3328c748e7dfc53c,11704de584dd7889,False,-1
7314b9bf-5ae0-4d67-9b62-6360305e84fa,563e43fa-b8bc-45dc-8d60-a4c2093ddff5,206fc129d60547fd,e538843cf026ffbf,False,-1
7c22e572-5b36-403d-80e3-2daa57b4b438,61b65438-9271-42d4-9bcd-586c8aa58357,71f958b4d7c64c14,71761d08f0760e85,False,-1
9b941781-c467-4747-9302-d4a6d01785da,a0ed6ea0-9ca3-476e-9643-a23fb566d537,3098f59a51aae62a,712c2a0d951fb065,False,-1
c2144d66-5689-482a-9c2a-a7aa5caffa39,5a65738f-e1b8-43f7-8dea-0fcf02106715,7874caf06b7b1b7b,711d6207c8527cb0,True,0
4f861783-6ed5-47f4-a1c4-ca957c8d41ac,28870073-fe65-44b5-b52a-6493dc0016fd,8c688e4fa5c3b6ee,7152804fbe883879,False,-1
cff7c5fd-18ec-47a5-98e4-ffc15b1dede7,44959ef3-b42f-4e6b-afd5-7a0a81317b14,87cd355d57accbb7,e6e40daa32c238aa,True,1
050e54e3-6cdb-4e3a-849f-9db6d0d31c7d,61b65438-9271-42d4-9bcd-586c8aa58357,f29e9b1a2be8154d,49505cb59fcd5eee,False,-1
63677588-4942-4ab2-b896-d43347a51925,5a65738f-e1b8-43f7-8dea-0fcf02106715,927893841aff5f3a,3b1077769061082e,False,-1
6fba3d1f-6f31-40f9-bce6-0008383f7757,a0ed6ea0-9ca3-476e-9643-a23fb566d537,7dea1cbf82bb509a,fcaabd3ae5fa7ca8,False,-1
f5809bdb-da34-492d-a9f0-82f956f99723,28870073-fe65-44b5-b52a-6493dc0016fd,ac77ed5b4a26860c,dcbe652f56a0d6cc,False,-1
e21d35c7-6dfa-4252-b04f-be613bf8e4d4,28870073-fe65-44b5-b52a-6493dc0016fd,fea7dc3fe95d979d,0b00cd06992f4ee3,False,-1
d66d7a24-522e-4c67-98ef-9ec669fc2a66,96d20b35-2b7d-4e89-bcbf-27c84aa35780,0ae8357f01c0405d,01c02f5c7cc5cdab,False,-1
de7cb4ad-d519-4f5f-92cf-88f80d16ef11,5a65738f-e1b8-43f7-8dea-0fcf02106715,b5e223a16b7ffd90,ca3066086f6eec5e,False,-1
e02e6441-79d5-4874-9688-de043ad0f3c5,563e43fa-b8bc-45dc-8d60-a4c2093ddff5,67bcdc0c4b8d6c0e,504f679c0a7a07a4,False,-1
5fa6e0da-d968-45de-b481-873ef0b38977,5a65738f-e1b8-43f7-8dea-0fcf02106715,896eceb1874c223e,309ff4b1c3e88117,False,-1
064a41b4-5c2e-4cf3-b8b0-32a1b5d04576,a0ed6ea0-9ca3-476e-9643-a23fb566d537,2bdbaab6eb81a545,6456a67ded7e96de,True,7
f395f829-a080-4d75-b407-45ab69e485b9,04795039-6bb2-4022-92c4-4eaceb902ec0,eb612188a4c64e45,5b42cb8bf60a0b26,False,-1
d8e4ed3a-9de7-40d6-8482-42637034aae5,a0ed6ea0-9ca3-476e-9643-a23fb566d537,f21c0f67a8c2c8da,98853795c926c645,False,-1
9db305b9-458c-4085-bc25-89f093a94108,563e43fa-b8bc-45dc-8d60-a4c2093ddff5,d6a0c35d54375d12,3bdf246ffae1f64c,False,-1
24922644-26ff-49fe-b7b7-a4071b0f6b58,44959ef3-b42f-4e6b-afd5-7a0a81317b14,33bef4c83fbbce71,e4b8822731c0d77b,False,-1
a46749c9-bbe8-4df2-9e89-8af47da6ec2f,675140ee-0253-4429-873d-17ab90b6837f,186b30130061fa28,a0d37cb52247869d,False,-1
ce8b441b-33c0-4f81-9c02-b9b546f32496,44959ef3-b42f-4e6b-afd5-7a0a81317b14,b2c5d968cca611dc,73e9d429caa2ba00,False,-1
46a73557-112e-4262-916c-8ff10a656ddc,61b65438-9271-42d4-9bcd-586c8aa58357,f5f91bdccb2738b5,834ec64479f00edd,False,-1
b27be8a0-f1d9-4d88-a5e6-8d1eb114cdee,5a65738f-e1b8-43f7-8dea-0fcf02106715,4e0a59c20526abf0,d0fa062b2aa40bdd,False,-1
b83e3786-c876-4b39-8c91-c68913d2cb93,4a34c787-bdd6-442f-978b-590a62b557f2,7a387a1337baff19,af93cf953bdf8765,False,-1
bac547bb-1d11-475a-8f11-6fb27cb14eb7,28870073-fe65-44b5-b52a-6493dc0016fd,93ef2bb2a8a2656a,d70cfda015be2383,False,-1
7db0b53c-1514-4ff6-aa2c-739d512e6c05,61b65438-9271-42d4-9bcd-586c8aa58357,1e04cc41aeefa278,dc71b3ebba9bba2a,False,-1
826cf055-4634-412b-b301-d8b0a536995a,96d20b35-2b7d-4e89-bcbf-27c84aa35780,ed2f60d2d207dce8,607aea0d42ed0ef3,False,-1
5af3df4c-8c82-4f30-9158-6cf1cb8c85e5,4a34c787-bdd6-442f-978b-590a62b557f2,35bd7c013f199c23,ed0fce934652952d,False,-1
2bb3acc4-a940-446d-a09f-988620e2f00c,04795039-6bb2-4022-92c4-4eaceb902ec0,066a08952d809b65,efa35dd27c174502,False,-1
78ba21c2-e49b-4bc8-9554-460306aef580,4a34c787-bdd6-442f-978b-590a62b557f2,8d1fe2a5cc938d8b,43a9eeb5b61725fc,False,-1
c79e13bf-030e-46d6-b0df-e8dbbe558c28,563e43fa-b8bc-45dc-8d60-a4c2093ddff5,79edf5faced88995,f2898c5dbd7282fb,True,3
672e507a-de79-4713-915f-e076f0fe68bf,4a34c787-bdd6-442f-978b-590a62b557f2,73b239402feb36ef,0371895a52c7eed6,False,-1
4128b9e6-8d55-4cce-976a-01cf5ce890af,44959ef3-b42f-4e6b-afd5-7a0a81317b14,970e79af8b49dbc0,c4df73c5964fef1d,False,-1
002ef1bb-6afe-4f13-a44f-65096a9327a4,61b65438-9271-42d4-9bcd-586c8aa58357,a3252b781a263303,fcc8652f23b4f474,False,-1
162fe538-4210-4b9f-9278-41019a8f328b,4a34c787-bdd6-442f-978b-590a62b557f2,081d7d1564562885,ab76bd56ed06f694,False,-1
e551820c-8894-4896-b71b-bd26424d4025,96d20b35-2b7d-4e89-bcbf-27c84aa35780,0009c9045e0911c4,f061ac60473169f6,False,-1
9e604c3c-5862-4e79-8df7-10fc5d6a614a,96d20b35-2b7d-4e89-bcbf-27c84aa35780,61d04d9852f1135f,4f54e96c43390e71,False,-1
762817a6-bdaf-4709-99da-eee16b5c4e0f,28870073-fe65-44b5-b52a-6493dc0016fd,88e28bf545dfda5b,5acc7523125d9700,False,-1
bccb4c34-e976-4fbd-a1b4-20c1abc5ff4a,44959ef3-b42f-4e6b-afd5-7a0a81317b14,bb580d0afc614025,3593d7c6cb2a0af0,False,-1
18151730-586c-4471-9264-2c30fcf6d16e,4a34c787-bdd6-442f-978b-590a62b557f2,01f7b9f4310a4ec7,5e514a3c98e9b827,False,-1
089fcf29-9a96-4b11-811b-6e7fff456957,5a65738f-e1b8-43f7-8dea-0fcf02106715,5cf8585670df7f62,e1dae9d5fadb248f,False,-1
dd86557a-a78c-420c-9b6e-c8f6ad902e82,61b65438-9271-42d4-9bcd-586c8aa58357,fe40d4ccdf95d5a2,56995385b4e15f73,False,-1
f5f1765d-af73-43a3-9d79-5fb4a6de56c8,28870073-fe65-44b5-b52a-6493dc0016fd,cf2fc63862bd4971,f61971d16a5e00bc,False,-1
ea552f02-6d67-48ef-955e-629da2cf8c9a,44959ef3-b42f-4e6b-afd5-7a0a81317b14,30641b05c193436e,88e2a48f054e2836,False,-1
1fd1a64a-b7c5-4462-a4fc-30728406f049,4a34c787-bdd6-442f-978b-590a62b557f2,48609bb75ff7543a,e18eff008e400581,False,-1
75a19306-5c97-4685-a0b3-42c6eb039f6f,563e43fa-b8bc-45dc-8d60-a4c2093ddff5,587556ca4dca107e,6a5488e42281b080,False,-1
af8fa240-5d9f-4ec1-a56a-c5cbb272ed3f,44959ef3-b42f-4e6b-afd5-7a0a81317b14,65d171e7f48f324b,8ff9373be1be62b1,False,-1
77076f60-937c-4bb3-83b0-324612787813,44959ef3-b42f-4e6b-afd5-7a0a81317b14,a1a80ece3130406e,06f0eb2a157a19e7,False,-1
0be5077f-1986-413c-8f26-05a381b51df9,61b65438-9271-42d4-9bcd-586c8aa58357,c18586065a831786,bd48b9a4952b5a46,False,-1
dc1136c2-c664-4695-8a71-f633c7053cc0,5a65738f-e1b8-43f7-8dea-0fcf02106715,fba405e6e1052e0a,12433c4705d05e94,False,-1
f5d0aaa4-16bf-4196-a925-b58bc41ecad4,28870073-fe65-44b5-b52a-6493dc0016fd,ee309c5117b5c853,8826e83e89d642f8,False,-1
1e476297-f8fc-4540-9f89-96af51724796,5a65738f-e1b8-43f7-8dea-0fcf02106715,a9a0e398f04f2054,cd9659e89ed6bf5f,False,-1
dd240d12-8b5f-469d-ad59-cad95e752652,a0ed6ea0-9ca3-476e-9643-a23fb566d537,9b0f3c7aa938d617,246639e1c5cc265d,True,1
627b1905-cede-48c1-a0bc-8641eebc3a93,5a65738f-e1b8-43f7-8dea-0fcf02106715,cdcbe6b9ecc92ca4,94d1f6b310f8344d,False,-1
75e252d6-ef7b-42c1-b766-20bd88c09044,675140ee-0253-4429-873d-17ab90b6837f,44c746e5aee7c4ca,d035413e7d81870e,False,-1
fd4e375f-bcc3-4863-9f8e-95f8afaa6b37,675140ee-0253-4429-873d-17ab90b6837f,c7a3b8a3a5ced1c6,f91b8e76f4f12200,False,-1
1c018cd9-a8e7-4317-95e1-e0efb5ad7a0c,a0ed6ea0-9ca3-476e-9643-a23fb566d537,2bbb8d377191a645,61c031a9bca6444f,False,-1
e7a033a8-60fd-4c36-a68b-8f6c4d142eaf,4a34c787-bdd6-442f-978b-590a62b557f2,abd0828a912acb5a,25b19415c9d9bc0a,False,-1
e6dd2f88-43c6-48ac-bc13-feb624aa66f3,5a65738f-e1b8-43f7-8dea-0fcf02106715,3cb239db813803a6,20edbc8545985b02,True,0
20d97daa-f363-4eae-80ea-448ca2f35f7e,a0ed6ea0-9ca3-476e-9643-a23fb566d537,bcfc068b7dc80450,ba1964581a7c5a8e,False,-1
8eb06e1d-6945-469c-9ba7-a906c5b66175,04795039-6bb2-4022-92c4-4eaceb902ec0,f2826c2a22019d7b,1930cd72b8299255,False,-1
045a51e5-7fcd-4c55-93ea-dd914c981a5e,28870073-fe65-44b5-b52a-6493dc0016fd,5d47c94a42b092cb,a9a5dc3eaca08c3c,False,-1
2008994f-2ee2-4871-a569-05078cdfd9b8,96d20b35-2b7d-4e89-bcbf-27c84aa35780,48b75d21fe78a5dc,d9b658081b482ab9,False,-1
162fd724-fc28-4d96-8418-795bc3e78973,96d20b35-2b7d-4e89-bcbf-27c84aa35780,ee66e248ae55ceec,7887451e0fb937c3,False,-1
89eb3e20-d8a2-42ae-8a67-991466844309,5a65738f-e1b8-43f7-8dea-0fcf02106715,fa750bed8a190449,ad44381511b8d934,False,-1
38ee2dd5-6cb8-4a13-9b23-1c341092ce82,28870073-fe65-44b5-b52a-6493dc0016fd,48d88d192166d769,e8a5ed9734e45987,False,-1
72d0b2aa-70a1-47fc-95c0-3c3ec8cc519f,5a65738f-e1b8-43f7-8dea-0fcf02106715,1fd6f1ac25fadc06,980683e03bca2ff7,False,-1
fbae63b5-711d-4bf9-88c7-3abf4fc12da1,28870073-fe65-44b5-b52a-6493dc0016fd,3165506c72050c5f,82d0e4d405969b6d,False,-1
6b928cc7-fbf3-44c7-a0bd-431cd3b10392,96d20b35-2b7d-4e89-bcbf-27c84aa35780,88a480c118cdba09,5bb7f3fd6495a391,False,-1
6ae61854-592c-4904-8c72-987aa9aef9b6,96d20b35-2b7d-4e89-bcbf-27c84aa35780,93ea77d1cf22fcfc,1842ecc052d74889,False,-1
d50d1222-5473-431f-9d8a-b458c7046002,a0ed6ea0-9ca3-476e-9643-a23fb566d537,1a3e7cc639f512cd,fce3919396a58702,False,-1
58a4a624-3577-4ccb-b0dc-cb638b667da7,28870073-fe65-44b5-b52a-6493dc0016fd,ebddd6a6068574d7,459f947a5f850d09,False,-1
05b09118-7368-4df8-90c3-8cf5e17d9cea,4a34c787-bdd6-442f-978b-590a62b557f2,b49b592ddbe9347e,362aaae144e81299,False,-1
7b06a232-9265-44ad-965c-38921a3308e6,04795039-6bb2-4022-92c4-4eaceb902ec0,6cb2e7eb1bdd4c77,d89ae7b9da251926,False,-1
d67d1aac-3129-4280-8fa3-0180d7f75b70,4a34c787-bdd6-442f-978b-590a62b557f2,7ad583f7b1ac76af,49bb29e9f6da7dfd,False,-1
186092e1-e57a-426f-837c-2af0482f4b11,a0ed6ea0-9ca3-476e-9643-a23fb566d537,34ec75afb4269446,74faa9a30568f6e1,False,-1
558451a0-1d16-49ff-a459-8c39927a54e9,5a65738f-e1b8-43f7-8dea-0fcf02106715,166375b09d80f1be,d2f0d41817f03bdd,False,-1
e7c5a213-b348-4f2b-9400-ee810a087886,61b65438-9271-42d4-9bcd-586c8aa58357,0cbeb456345d0745,4287e9bea843dff6,False,-1
a1d5cbaf-63bc-4900-9053-46217e111a7c,5a65738f-e1b8-43f7-8dea-0fcf02106715,dfa2711b150722a1,b7880d67073148ea,False,-1
243234f2-106b-4283-8992-5427e1970777,96d20b35-2b7d-4e89-bcbf-27c84aa35780,1811495bddd931bf,f4c87e978d839c88,False,-1
3473d738-527b-4c90-a94d-28260030a9fd,96d20b35-2b7d-4e89-bcbf-27c84aa35780,1d53a108fa89c254,22d9ee8642aef900,False,-1
07ec06a2-b95f-4da2-aa80-c47d5965e9f8,675140ee-0253-4429-873d-17ab90b6837f,8e166fd628cb92b2,cba1827f1aff3627,False,-1
792648e1-f856-40bf-9cb7-e7db91c57302,675140ee-0253-4429-873d-17ab90b6837f,f7760e8bca23afd4,5442ef1a4ad0ca45,True,5
87ff4451-993e-4871-938f-a80dc30cb5e0,4a34c787-bdd6-442f-978b-590a62b557f2,20b9c0370eb24109,68967b71c304ef30,False,-1
f96398c1-c35d-47a1-8b1b-988e7c349dec,96d20b35-2b7d-4e89-bcbf-27c84aa35780,c8c6b6f45ba39741,de5f27abddab4000,False,-1
5d19465f-573d-4c9b-8750-765805b78e84,96d20b35-2b7d-4e89-bcbf-27c84aa35780,404e22fb9bbb2de4,7f7734ae6c5be6da,False,-1
471d411a-3fa7-4498-82a9-fec49daf984b,04795039-6bb2-4022-92c4-4eaceb902ec0,9ec008299a82c722,06dc0f78de2b5826,False,-1
ec8ecf58-66c7-4e8e-a840-14a9b5a57b35,04795039-6bb2-4022-92c4-4eaceb902ec0,454575b371a04a71,45a488e2e75784f9,False,-1
0f938e5f-20d1-484c-b708-91edc3cbebd8,5a65738f-e1b8-43f7-8dea-0fcf02106715,97012efeb78f18ed,e2ebff0bf215bd54,True,0
81212298-79b1-4f1e-bb9c-574f4ce07922,61b65438-9271-42d4-9bcd-586c8aa58357,09eac8f97e7e985e,56dc221dfd99872a,False,-1
b2828391-87cc-4c6f-93f3-173c85e79b13,675140ee-0253-4429-873d-17ab90b6837f,023a6657ffe6ed9c,f09fb84d1509b6a2,False,-1
8a6578a7-e24b-4f35-b008-1144344a6c28,563e43fa-b8bc-45dc-8d60-a4c2093ddff5,0366f9039149a06c,5dfd12b9c041a370,False,-1
ea9a5f4f-cad1-415a-b66a-5ac02fb33dc7,28870073-fe65-44b5-b52a-6493dc0016fd,71169b46313043da,98e50377a6f96e80,True,0
5f3d490f-8af8-49dc-8614-712c3a29cb3c,28870073-fe65-44b5-b52a-6493dc0016fd,f502abbac63f084a,eefaf6f9d2984f89,False,-1
2a5824a9-d397-457d-aeb4-85e53a194d1b,675140ee-0253-4429-873d-17ab90b6837f,1e06b2de15439590,2c263230f7c47f53,False,-1
cfa27ebe-ec91-4bc4-a90d-f240d91f319a,675140ee-0253-4429-873d-17ab90b6837f,95f011de68aab9e8,748ea8d3731838fe,False,-1
47851811-64d0-460a-96b1-86ccd31b3660,44959ef3-b42f-4e6b-afd5-7a0a81317b14,46b5db55f1c7130a,a07b7a3312658f55,False,-1
a2c786a1-45c2-4874-ae7e-86ea6a4b5925,04795039-6bb2-4022-92c4-4eaceb902ec0,4147884bfbf01720,a56703bd4c1d41f0,False,-1
9ebee4ff-b157-4ed6-b389-b49e4bd95564,28870073-fe65-44b5-b52a-6493dc0016fd,3b4505136e811218,e4bfa6f3b99754d7,False,-1
cf741e63-1f40-4bed-b614-25b6abbc8145,675140ee-0253-4429-873d-17ab90b6837f,e05c6a94e22402e0,e6ef1816d6266c88,False,-1
b43272bc-8e55-480a-9b87-f1b323ba9058,675140ee-0253-4429-873d-17ab90b6837f,ca62f2421b4fc769,8d49f705167206f0,False,-1
0eb611a5-5167-4ca8-995a-7b8ebf5daea5,563e43fa-b8bc-45dc-8d60-a4c2093ddff5,cc7f577a1c9b8cef,faf791be43295ba0,True,0
7a2e127d-0602-4d96-ae3f-8e0a13742d01,4a34c787-bdd6-442f-978b-590a62b557f2,68fe23b789ba144a,176deb25aac808b6,False,-1
19ed8cad-bfa7-4ba1-a5b8-7f6ff110bb3a,5a65738f-e1b8-43f7-8dea-0fcf02106715,baff47cf75639e44,5d6a8ba6a33a2794,False,-1
c95d014d-4894-439a-b3dc-860675035acc,a0ed6ea0-9ca3-476e-9643-a23fb566d537,5730d3317469c19a,1ccc7fc1d0ad7901,False,-1
36672ca1-58a2-49b8-92b4-2268161cfe2e,44959ef3-b42f-4e6b-afd5-7a0a81317b14,adf49f5644e87639,f3007005d167abb4,False,-1
5aa883f9-9937-46a3-8b69-38b27a83c4c4,28870073-fe65-44b5-b52a-6493dc0016fd,230b061e3b2ff7cd,d11485550e8d6738,False,-1
e03f3f94-5aec-4b2f-8c0c-5b0d75e96396,4a34c787-bdd6-442f-978b-590a62b557f2,c19587faedc654bb,752c86cc5dbbb22b,False,-1
1a39878d-dd24-4e71-960c-a2612b1cbfe6,a0ed6ea0-9ca3-476e-9643-a23fb566d537,60361cfae9ab21ee,c4d35ed8b42774c5,False,-1
99b60fde-946c-4702-afc9-ea4b6fe6a477,563e43fa-b8bc-45dc-8d60-a4c2093ddff5,dc4084f05471e602,7b983826b8337878,False,-1
1f041d62-6ccf-4cda-8968-5118b18da944,28870073-fe65-44b5-b52a-6493dc0016fd,0ecbb3d7f2d335e8,15b00074b064dc8c,False,-1
3a3e6b81-db89-4b62-821d-69a804801153,5a65738f-e1b8-43f7-8dea-0fcf02106715,edf44992f2506d26,7eb8827f12a6df53,False,-1
e0c06061-9839-42c7-9421-0766747693e5,61b65438-9271-42d4-9bcd-586c8aa58357,f9b8ecec38447374,066a2af88553c9ca,False,-1
0a9c5da6-8c5a-4368-a847-b4b057c443af,96d20b35-2b7d-4e89-bcbf-27c84aa35780,0c0ec87df5e431b6,db92408ae0bafc50,False,-1
67cca122-d8c2-4359-a869-9a2398ef35ff,44959ef3-b42f-4e6b-afd5-7a0a81317b14,d3c908fa48556832,3ddd707c9f4a3516,False,-1
80a5bed5-d30b-4951-8c2c-b828916af687,675140ee-0253-4429-873d-17ab90b6837f,2c95bcf48fda60a2,3aeea6265573dcaa,False,-1
77f43fc0-9353-43b8-b550-19ad31b29e74,5a65738f-e1b8-43f7-8dea-0fcf02106715,3908cb6ee5016f23,de376aafbb2a0424,False,-1
7f0bac6d-173e-48c1-bb20-034a4fef3ecd,a0ed6ea0-9ca3-476e-9643-a23fb566d537,b91bfe6fa5c69412,d7362e3f6391c4c9,False,-1
7c46fbc0-6cb3-4d6e-b360-a28f61e4c628,28870073-fe65-44b5-b52a-6493dc0016fd,0787da932a134b71,4b91d42ac9a1fd79,False,-1
4c75994a-17b7-4d75-86a7-3e938e5714cc,04795039-6bb2-4022-92c4-4eaceb902ec0,11a6e91c4612833d,7fc310b34585d482,False,-1
ba99c0c7-eca2-4b1d-a97f-e784fdd2fcd1,28870073-fe65-44b5-b52a-6493dc0016fd,e089dc95a98d7cc6,0bb298799d27cbea,True,2
9120266d-9de0-4656-add8-bc3aa79e4a4e,96d20b35-2b7d-4e89-bcbf-27c84aa35780,ad890b599817237b,f3eb149292ccef1a,False,-1
6320c19b-c3b9-4c86-b0da-022dac82c428,96d20b35-2b7d-4e89-bcbf-27c84aa35780,a4baf91985ebda21,f358c3bd71c73416,False,-1
07897fa9-87e0-4f19-bdf3-703975335521,a0ed6ea0-9ca3-476e-9643-a23fb566d537,1a27f702bd751f2e,4a36601668bbe232,True,2
a58d9150-b005-4541-b751-ccb351b43e8c,4a34c787-bdd6-442f-978b-590a62b557f2,15cfd1ffa1b9d898,9296d22fed6c8df8,False,-1
40357657-e3df-4967-b3ef-de3a41bb5a35,04795039-6bb2-4022-92c4-4eaceb902ec0,1264401869645a4e,991cb3daba155cfc,False,-1
d937eb45-5a13-43d7-81e5-56f4120fe472,61b65438-9271-42d4-9bcd-586c8aa58357,9a5632ddb3f87040,60c667d318dceba8,False,-1
415ce236-88db-4305-b545-33085028f6b0,44959ef3-b42f-4e6b-afd5-7a0a81317b14,46e78f601767cba3,b39076963a1d3cd7,False,-1
8f85e30a-0081-46f8-b85f-0ac39dcc4930,a0ed6ea0-9ca3-476e-9643-a23fb566d537,c4a6870b73a13833,0b72a4309488a2a4,False,-1
0e1fe70c-263e-4726-86d8-e4e4ed1599b2,44959ef3-b42f-4e6b-afd5-7a0a81317b14,00e29dba3c4c367b,9a1a2168602956b2,False,-1
ef058f8b-c663-4211-890b-863151d4ed10,563e43fa-b8bc-45dc-8d60-a4c2093ddff5,84b0266a0b5fde28,e4453e1fd4dd95b1,True,6
dd9834ab-e3f7-4b40-b7f0-05c32dd0ae28,5a65738f-e1b8-43f7-8dea-0fcf02106715,79758872281cc2ee,692011edcd105a50,False,-1
ae075d1e-b1cb-45b4-9be3-872f3760f36e,28870073-fe65-44b5-b52a-6493dc0016fd,d8b1f04e0be7bf4e,46a08a2419fe27d3,False,-1
cfed4f72-8dd8-422f-89f7-a2195a256d92,96d20b35-2b7d-4e89-bcbf-27c84aa35780,b2b59ae51bfe8780,64c7d3b4ea22d42b,False,-1
16533864-32e9-42d2-a587-d1dc82e1c4c9,a0ed6ea0-9ca3-476e-9643-a23fb566d537,d4e5466e649ff103,74b9e4b1c327b19b,False,-1
81f13606-0e90-4f3f-9885-5641c08ed292,a0ed6ea0-9ca3-476e-9643-a23fb566d537,cbfb1686eaede35b,cac39a6470d1ac14,False,-1
96aed14f-5371-4c61-aa8c-5c7dbfc6c04b,563e43fa-b8bc-45dc-8d60-a4c2093ddff5,60899d41cc407935,f95bd60ab584c957,False,-1
a70be3ee-0429-4feb-b59d-b48fb4f7c898,563e43fa-b8bc-45dc-8d60-a4c2093ddff5,7ea4e6d94874792b,50a89a8117ac5708,False,-1
1d53a857-447e-48a0-9926-8dc0bd683990,61b65438-9271-42d4-9bcd-586c8aa58357,78b92a0e7c4b7490,7b7fb6f79f422a6f,False,-1
1623b0dd-20ee-4e3e-bb54-f7c419b21cc6,44959ef3-b42f-4e6b-afd5-7a0a81317b14,d42a4303fc621b57,bcd21d005e17322f,False,-1
ae6e3802-4482-4050-98a1-b36411911fd1,96d20b35-2b7d-4e89-bcbf-27c84aa35780,7f50d926f956ba9a,1ddb6c4fbd8017ec,False,-1
f66f9bfd-342e-40e9-b75c-dd51455c9e4e,563e43fa-b8bc-45dc-8d60-a4c2093ddff5,8f9a34593133d50e,996ceec82e9c74e0,True,1
687ea00e-31bb-4426-9777-ecd68bf90a6d,4a34c787-bdd6-442f-978b-590a62b557f2,a2753d52a67c2902,52a9e33fc35e5d98,False,-1
bdd2d2f3-851d-4e18-a435-f63fb5ce9fa6,5a65738f-e1b8-43f7-8dea-0fcf02106715,8f7021cdbedc9041,009cdb8d7d1077a6,True,5
96665276-0a4a-4356-b433-8ef5a01528f2,5a65738f-e1b8-43f7-8dea-0fcf02106715,052f95fe2a1e83fc,5dcfaa7f09e30928,False,-1
cd65bd3c-8d2a-45de-8fbd-785b8c41e460,28870073-fe65-44b5-b52a-6493dc0016fd,7a9a561d6f56024b,8dc5806efc9d12ed,False,-1
da5974a7-026c-448c-82d6-dc09efa07888,28870073-fe65-44b5-b52a-6493dc0016fd,690d2936635bf5df,9e4fdfa972692809,False,-1
6ca21486-c69c-4ac5-a600-667b4b7a6631,563e43fa-b8bc-45dc-8d60-a4c2093ddff5,102d3ad721c0ab70,14f3256f88cfc206,False,-1
1d809af2-d8b1-4a65-89e6-23b791a9a126,96d20b35-2b7d-4e89-bcbf-27c84aa35780,7d98d7ef9424e5b5,ebe4fb1aababca7d,False,-1
52ea0b3d-194e-4191-9c00-d720ec78c4f2,28870073-fe65-44b5-b52a-6493dc0016fd,108e94f97580efa7,1333663aae696b12,False,-1
f068af7f-aac8-4125-9d51-e5ff3e8c11b6,5a65738f-e1b8-43f7-8dea-0fcf02106715,3da95f5d901335f0,ba6a61e54ee54238,False,-1
273c18e6-c006-4d18-9db1-dd5c373707f3,5a65738f-e1b8-43f7-8dea-0fcf02106715,6ad5f04da26bb76e,1f593000de35e7a2,False,-1
5f6ea04b-60f4-447b-b0e3-0148b93ee44a,96d20b35-2b7d-4e89-bcbf-27c84aa35780,2e1b3bb6c94033b9,de1c7f1f5d542c26,False,-1
2a231713-c739-4fd5-8846-7f720dfc29ee,4a34c787-bdd6-442f-978b-590a62b557f2,8de8699f6bbb0f9f,855db161af576cb4,False,-1
04d3770b-bfc0-48f4-87ff-af3cf870298d,a0ed6ea0-9ca3-476e-9643-a23fb566d537,f84f59b5ff946f2f,6ccb3bc2c7edf581,False,-1
53abb838-ac12-49a3-bd78-8da3a75078c3,675140ee-0253-4429-873d-17ab90b6837f,8a9f8aa4280a0aad,d606802fc7cfd457,False,-1
052cacf3-4ac9-4fc5-a2c0-37c49f071ab4,5a65738f-e1b8-43f7-8dea-0fcf02106715,ddeeff49464f3b76,22b83d2ea3004550,False,-1
1ed786ef-d18a-4abf-81fc-8b41bfe3355b,28870073-fe65-44b5-b52a-6493dc0016fd,3b691e1650a81ce2,86abe8e9862f22d0,False,-1
313d658b-aa33-4ae0-8aef-44aab9a9629b,44959ef3-b42f-4e6b-afd5-7a0a81317b14,e60d48b480c154aa,327b4a7d622a1c84,False,-1
8b3b5315-be16-4198-b3ea-06eeecd1740a,96d20b35-2b7d-4e89-bcbf-27c84aa35780,313b2cca68696b36,831dcdf5bec98f93,False,-1
08e12c69-aa5c-46a9-9193-7f1419aa266d,5a65738f-e1b8-43f7-8dea-0fcf02106715,51e141521a605e51,7ac30da86f50493c,False,-1
8761106d-985e-4668-afc6-6de945d6d793,a0ed6ea0-9ca3-476e-9643-a23fb566d537,1cbed3666af9a3fc,d801ba63b852a6dc,False,-1
453c60d5-819a-4189-a718-aee2ac9f0098,563e43fa-b8bc-45dc-8d60-a4c2093ddff5,55739b982dc21b55,2a1c9203502792db,False,-1
a169cf20-abd5-401d-8a2a-e6b22bb12c35,28870073-fe65-44b5-b52a-6493dc0016fd,fa2b16f36aafb7bd,04444f45c54441b4,False,-1
86eb0332-9942-4aae-ad60-0fadee7ef456,a0ed6ea0-9ca3-476e-9643-a23fb566d537,b5e2f8ffabe85353,4356f77eeb6a4e9a,False,-1
320a6f75-cde0-46e0-b2b3-ac2ac41c777a,44959ef3-b42f-4e6b-afd5-7a0a81317b14,581ad0cc64679814,e77c1df867e24fd6,False,-1
43058e3e-f891-4e73-aca9-0f585af2e9cc,563e43fa-b8bc-45dc-8d60-a4c2093ddff5,f0b420a78b12b638,b944a2249caba461,False,-1
9f437b22-5d1e-406f-896c-c27c2ecf158d,61b65438-9271-42d4-9bcd-586c8aa58357,ceb4dbc0a3d3a2ab,0271daf0011e11f3,False,-1
ac29fa0f-8649-41d6-9835-aa79c5e49592,a0ed6ea0-9ca3-476e-9643-a23fb566d537,f14f1e16f52e398f,9934402ace86c0ca,False,-1
f399f8f9-a96e-49ac-8532-f389955d77fd,04795039-6bb2-4022-92c4-4eaceb902ec0,2bf46cd559f44a9c,699259bea9e17554,False,-1
d7192d5e-8fcd-4970-a1c4-1330f6b44256,28870073-fe65-44b5-b52a-6493dc0016fd,5ad90d504f0090ee,ee23d1d813f6d801,False,-1
e881d738-d22e-4328-9382-074b6e1f0574,563e43fa-b8bc-45dc-8d60-a4c2093ddff5,8bb853cf6e2f2e82,60a291ccf8383cbe,False,-1
5f449f7b-4372-4d35-a531-fd07348c3452,28870073-fe65-44b5-b52a-6493dc0016fd,3f2248c81e7ca20b,aebaf53092b6654f,False,-1
da52ce07-ab77-4b41-a872-6b1a2170ea7f,96d20b35-2b7d-4e89-bcbf-27c84aa35780,a6fef83a73ff1308,393da267522f9a66,False,-1
74738f7e-2c85-4f64-aefe-170c346e68b6,96d20b35-2b7d-4e89-bcbf-27c84aa35780,0ee7fa040d52eb7c,1c02c3c4549b9cee,False,-1
daed0aa8-5bd2-45c9-8a1d-2003c600df5a,5a65738f-e1b8-43f7-8dea-0fcf02106715,04d7758fbdd14b58,cdeec35c737edb90,False,-1
991a495f-e94a-4011-9f41-d60c681dcb7e,563e43fa-b8bc-45dc-8d60-a4c2093ddff5,0fc47cf1f7eb169e,7d26741759751740,False,-1
c4d78b83-62cd-448e-8e49-6433c3d38b68,44959ef3-b42f-4e6b-afd5-7a0a81317b14,4f69b79fb6189622,95c6f6effd84c4ee,False,-1
564cb9a5-2681-4d77-827a-d7a05a1ef22a,675140ee-0253-4429-873d-17ab90b6837f,bead9829020f02a0,df9c6fe2abb3e919,False,-1
53b71f1a-2b3f-4e84-93e6-c8890582af6c,675140ee-0253-4429-873d-17ab90b6837f,4324434f811689d9,3c08016a3a9accc3,False,-1
5f865349-1a8a-4eaa-b783-649cecabeee4,28870073-fe65-44b5-b52a-6493dc0016fd,cbcbc82fcb520601,65490aeb4c075038,False,-1
4f4cdad4-5b74-4a4a-b5df-e96140fa787f,28870073-fe65-44b5-b52a-6493dc0016fd,07206dc22c0d5f7c,f7977ef746d3b252,False,-1
4893976f-97f9-4b5d-902a-804ffc794ead,04795039-6bb2-4022-92c4-4eaceb902ec0,a3e57ad75db4de4f,daedfcb8f5f751d4,False,-1
3dd3c093-c3af-4fa9-917d-b72954270020,4a34c787-bdd6-442f-978b-590a62b557f2,27121cb3edf4e97c,0abb7b8b5e4017fd,False,-1
ee887941-0e12-46f0-804b-002bc122d36d,44959ef3-b42f-4e6b-afd5-7a0a81317b14,cd94d0e2de57ba9c,6b6faf64198758fa,False,-1
f5d9c052-955c-471c-8100-6eeaffeaa07c,61b65438-9271-42d4-9bcd-586c8aa58357,f120d0a6780d7e85,85c140d2302e4bfa,False,-1
cb6176b2-f4c0-4757-b604-6ef1810bffbf,96d20b35-2b7d-4e89-bcbf-27c84aa35780,bbb14ec7954243c4,1caeea93c5ee0f00,False,-1
c0f37515-dcbf-48e1-9701-2132a56a7613,61b65438-9271-42d4-9bcd-586c8aa58357,0731afff8a9d4c42,2f8f32ac7443cd88,False,-1
d45a208f-e47d-4965-8ad5-33cf3345a221,44959ef3-b42f-4e6b-afd5-7a0a81317b14,cd3683a309ff4278,0f19ee8055808b22,False,-1
5cae2f23-8920-4729-ab7f-f012659cbd78,96d20b35-2b7d-4e89-bcbf-27c84aa35780,f8d37197ac4abfb8,96f7a64f82c36455,False,-1
7fdd8443-cd24-41b6-9f90-ea947788a8d7,04795039-6bb2-4022-92c4-4eaceb902ec0,7b68e9176dfc16c9,5cf5ffcf296d6b6c,False,-1
e256eba1-549f-4f7e-b09a-51a725226e56,5a65738f-e1b8-43f7-8dea-0fcf02106715,9687bc516120db73,cbc5f09aa824338a,True,1
8881db10-1f12-4087-8119-5bf9be2689f3,a0ed6ea0-9ca3-476e-9643-a23fb566d537,95da92602abe8ab6,78a4c85343b84020,False,-1
61928bc4-70ce-4c52-b70e-33dbf77fb2e5,28870073-fe65-44b5-b52a-6493dc0016fd,7024c3a1feb0f695,d031c2c44d068431,False,-1
eb294399-0d2d-4449-8123-3789f42ad3db,4a34c787-bdd6-442f-978b-590a62b557f2,871f9bbd404b3833,0d78c12bdb71b007,False,-1
f52d254c-a7f0-4a50-a2a6-70d6ed1b33a5,5a65738f-e1b8-43f7-8dea-0fcf02106715,0b51f95f652c1fca,60da8351831e59a1,False,-1
c88c3a61-5fbb-43a4-b4cf-41461bee64d0,675140ee-0253-4429-873d-17ab90b6837f,d871b6db8000df50,c4a358c0ccd1726f,False,-1
bf248ac5-8887-4ff1-a211-f95877fd29f1,5a65738f-e1b8-43f7-8dea-0fcf02106715,7b00fb57715f1b2d,cfb730a499e84ec3,False,-1
19cc085c-aead-4ff8-8e08-0b0f7bfffbbb,44959ef3-b42f-4e6b-afd5-7a0a81317b14,ab8d5e68aae1e7e5,598e8283c9b9c62b,False,-1
d33c78d1-d5f7-4979-b280-1d8ecf305fb8,96d20b35-2b7d-4e89-bcbf-27c84aa35780,33595efd0858bb3d,04c37da8719c0087,False,-1
bdaa880a-2f4c-4445-8f5f-092d8efd5a8c,5a65738f-e1b8-43f7-8dea-0fcf02106715,f2228fc8701b3be3,aee9e9bdf378ebc1,False,-1
8810ca28-1425-4300-a2c1-1e14509a95cb,675140ee-0253-4429-873d-17ab90b6837f,7d30797ad7138cf0,5b6a9f08f089dd7a,False,-1
adee7d77-4c85-4136-856b-5fd8a6ce0e94,675140ee-0253-4429-873d-17ab90b6837f,486ac49628153853,37ca07eee981255c,False,-1
9db53a69-1d60-4129-a4ea-15e84e5e4378,4a34c787-bdd6-442f-978b-590a62b557f2,3b5e63c4078580ef,fdcef09cd4d0915e,False,-1
93d15eba-f8fc-4d96-ad70-6294bd6b6200,675140ee-0253-4429-873d-17ab90b6837f,7391e36f1280cfa3,03d3fe5e8d34e311,False,-1
5556df52-27d7-4c3a-98bc-5f3e975e6849,04795039-6bb2-4022-92c4-4eaceb902ec0,c32c5f3dc1e98b89,a815e5d26c7b5401,False,-1
2001ac4c-ba91-4ce0-b311-21bc68d11cec,44959ef3-b42f-4e6b-afd5-7a0a81317b14,18fdfb79c138bf6b,1407dc261958ef21,True,2
efd138e5-6cd0-4b76-850c-799a095bf9b2,4a34c787-bdd6-442f-978b-590a62b557f2,aa234deb5ed79795,2cfd2ed5704bb6f6,False,-1
30f8148c-a560-428b-b3cb-fbbaf72f47f1,44959ef3-b42f-4e6b-afd5-7a0a81317b14,be77529049c046bc,3703f4f5dc6acede,False,-1
5ca4ef5a-53b6-473d-8c70-14a6a1381ab4,675140ee-0253-4429-873d-17ab90b6837f,8c8a9a083fc5f0ec,ef0c5c06648c5550,False,-1
69c93f22-57db-4177-bd80-a912e3999b6f,96d20b35-2b7d-4e89-bcbf-27c84aa35780,c78db1d8b52ef6d2,68263a49f7e70370,True,5
d1bd0262-e7ed-495e-bfbd-0d70e8ee2830,675140ee-0253-4429-873d-17ab90b6837f,2ae78427793f809d,0be43cd735cd7895,False,-1
2fa36401-5299-4bbb-b9a5-d137fb022157,44959ef3-b42f-4e6b-afd5-7a0a81317b14,5eb75cc4332773fa,1fac8de8df0c40a5,False,-1
e2f224ce-8a03-4a39-8110-8befa6e50781,563e43fa-b8bc-45dc-8d60-a4c2093ddff5,41241a12b13611d5,adbb185f47c6d5cf,False,-1
ffcd91ed-6283-4e9e-97dd-20b88c1c4c97,675140ee-0253-4429-873d-17ab90b6837f,12999acb43974078,135c415c1c83a48b,False,-1
9e9b71cb-08b6-4f67-9423-46a8b0524f83,04795039-6bb2-4022-92c4-4eaceb902ec0,be0e3a39c3b1cb81,94b284eac4b7af6c,False,-1
51e6487e-4691-4725-9c5d-c8dd6852d0f3,563e43fa-b8bc-45dc-8d60-a4c2093ddff5,28b13b4a167f9f22,ba217bce390f6c45,False,-1
81f4e6d5-6be7-415f-892e-574887717653,61b65438-9271-42d4-9bcd-586c8aa58357,84bafe3eb476bc3d,a1f388e47dcc14fb,False,-1
edd6f3d3-7f10-40e5-8c2d-8658330dce74,04795039-6bb2-4022-92c4-4eaceb902ec0,da4db1df4242c39d,24866630afdda751,False,-1
30572e2a-0756-4791-afa7-1006b7b761b2,a0ed6ea0-9ca3-476e-9643-a23fb566d537,961846cf053d1cf8,7cb0b97a28aae71b,False,-1
fe936d63-c85d-4c95-ac7d-2643d83d2d15,04795039-6bb2-4022-92c4-4eaceb902ec0,3cb2fc72f79a1c64,fb8a4445ceb3a705,False,-1
028cb007-3aa7-40d6-a12f-6af57504c371,4a34c787-bdd6-442f-978b-590a62b557f2,c06072b73e415174,35349e5d0a602b31,False,-1
defeed42-cb7f-4d20-8460-380c80adc81b,04795039-6bb2-4022-92c4-4eaceb902ec0,7f9dc61af56a6729,f3b6dbe300ecf150,False,-1
2042cb41-322e-4795-8ffd-bd1055b92f76,a0ed6ea0-9ca3-476e-9643-a23fb566d537,ee268df57fc1edd8,7301051607852895,False,-1
726cc999-25c3-4b2c-a3cb-0f08abdc176e,96d20b35-2b7d-4e89-bcbf-27c84aa35780,b915efc7c6cf5bc1,f34a439595812d65,False,-1
bc7b17c5-4ac5-412a-a53a-e825bc5d5227,675140ee-0253-4429-873d-17ab90b6837f,12f673076e312dec,682292e850a02d70,False,-1
6b8e407e-0970-4726-800c-5ea3a81debf4,28870073-fe65-44b5-b52a-6493dc0016fd,aeee1e92fc640a4d,e897cc1ba929f9c3,False,-1
53c8dcca-025b-41f5-891a-44df8b8dc197,a0ed6ea0-9ca3-476e-9643-a23fb566d537,b51ec8b8aa75a7e2,c1ee1051c3edbc2d,False,-1
c8bfc4dd-584b-4292-af97-047c02424ede,a0ed6ea0-9ca3-476e-9643-a23fb566d537,132f52e67a7524bd,8b930619375466aa,False,-1
b6b6ed21-7a87-4483-b8b7-e5f9acb4ba51,44959ef3-b42f-4e6b-afd5-7a0a81317b14,861c23cf033eaba8,b38550b136b05574,False,-1
4b23a3a3-ae9d-4db1-9031-d264acd28f52,44959ef3-b42f-4e6b-afd5-7a0a81317b14,2277f5a3129390c2,86441e623e0a2e40,False,-1
c3433074-0291-4cc6-ad9c-4ed9d7a7f754,4a34c787-bdd6-442f-978b-590a62b557f2,418df16b3908f0c4,35b86ba88cb78c53,True,7
ac4affc7-7456-4db7-941c-4784d06e5b73,a0ed6ea0-9ca3-476e-9643-a23fb566d537,c7621243bcacab6b,7499e0ea29b32151,False,-1
00e91bdf-3043-40b6-8966-c1322cf10d0d,a0ed6ea0-9ca3-476e-9643-a23fb566d537,f413ae11ba712f0d,067ffe3bd8b52ae5,False,-1
850c573e-8e4f-49a5-853f-7c0e3ce41c7e,61b65438-9271-42d4-9bcd-586c8aa58357,873942b0ef7cabc8,8b4c85a43bfebda1,False,-1
70538d06-fe8e-4359-84ad-364ec05a61cb,96d20b35-2b7d-4e89-bcbf-27c84aa35780,38070526a3784a4a,15ea09b4477488a7,False,-1
2226e83d-5deb-4ab5-8dbe-86509a0c0251,5a65738f-e1b8-43f7-8dea-0fcf02106715,907e757550019c77,f893631258c73c13,False,-1
bf6e66eb-a09c-4f39-a4e9-3d6c7f232ea9,61b65438-9271-42d4-9bcd-586c8aa58357,33e7863e62b9fde8,41f81ed96960b192,False,-1
a1ef00af-3a56-45b8-970c-ffc3bd5734ee,a0ed6ea0-9ca3-476e-9643-a23fb566d537,bc09fff2bdba81c2,25cc7a190e9655da,False,-1
8b9d6c6b-266c-4656-ad76-54d2157f6dcd,44959ef3-b42f-4e6b-afd5-7a0a81317b14,828c03469d955716,d674f873909f3773,False,-1
1b6cb89d-5fea-42a9-ba89-2cacfa18f78b,96d20b35-2b7d-4e89-bcbf-27c84aa35780,02e4675309f02cc7,78c1958c36518ac5,False,-1
277ed7ec-b2fd-43d0-9046-2d959df4852e,28870073-fe65-44b5-b52a-6493dc0016fd,f245cd5cb9fc457c,5dc8b5df57088f76,False,-1
791f02b4-f6b7-454b-90a7-bc23f4cff670,675140ee-0253-4429-873d-17ab90b6837f,ffad0cb84c71b13c,4f2cf154290587d2,False,-1
8f551e91-1d16-44ba-932a-15c018d7d1db,44959ef3-b42f-4e6b-afd5-7a0a81317b14,8ea820e54a104c20,7c15327589093277,False,-1
db886243-6a14-48f6-b58a-41f5848137cb,61b65438-9271-42d4-9bcd-586c8aa58357,ebbb68088955ef7e,7426df73b9e1a518,False,-1
b2715767-ad07-4308-a67b-4ccfad557b31,675140ee-0253-4429-873d-17ab90b6837f,2ebd024be95af34a,9074615685d6b2c5,False,-1
4a9aa49d-0b69-47fd-9631-aca9a1bf5406,96d20b35-2b7d-4e89-bcbf-27c84aa35780,d649014a9b6a2e29,49e63acb17879b51,False,-1
62a8beb4-62c5-40f7-94cf-7d72392d3989,04795039-6bb2-4022-92c4-4eaceb902ec0,266ef311bd07a8ea,c87aaadab8354e95,False,-1
a28a1195-0d77-4329-b9ca-672deaf1b11b,28870073-fe65-44b5-b52a-6493dc0016fd,52e1e95ffdaa3c55,83d8c2d9393b7de3,False,-1
25f4123c-5a08-43f6-a861-aa8993dfc330,675140ee-0253-4429-873d-17ab90b6837f,2be84b0b0651d37a,d518a087200ce58b,False,-1
4addaf52-054d-4277-9eff-2729a5e2866b,4a34c787-bdd6-442f-978b-590a62b557f2,3f7195b393439bd4,69db8199471cfd38,False,-1
164a60d6-5994-4418-846a-724d00249a82,44959ef3-b42f-4e6b-afd5-7a0a81317b14,40735870b77df3f2,d43611489f346a9a,False,-1
47084ec8-7beb-45da-bcd6-61102b8bb137,28870073-fe65-44b5-b52a-6493dc0016fd,b28a5304fc4054a6,8acb3f736fe87f1f,False,-1
85060d4c-2010-4ea9-abfa-95b26221509f,563e43fa-b8bc-45dc-8d60-a4c2093ddff5,6034d32b028f802b,b3dbfd77b32b0b33,True,7
bb40fbfd-2214-4a88-a397-8930864e3f10,4a34c787-bdd6-442f-978b-590a62b557f2,1b0ad01abafcecb8,3064c97e9e1b51ed,False,-1
cacfb924-c594-4e1e-83a6-1cb0eabee183,a0ed6ea0-9ca3-476e-9643-a23fb566d537,902cc7a7492a9990,ea9a888c612872a7,False,-1
1ad3e42a-4dbd-45d0-b38c-7f915f5f7df3,28870073-fe65-44b5-b52a-6493dc0016fd,8c0f91327ce2e172,c449d2954571ec20,True,0
1c710a42-9c54-436f-b6c0-57f458076a5d,04795039-6bb2-4022-92c4-4eaceb902ec0,59ae5e390be980ac,969e3d6bdbfc9ac4,False,-1
c1eee32a-b9b0-4de0-be0a-928f163f0c95,04795039-6bb2-4022-92c4-4eaceb902ec0,7dcdce8dad9ea214,f73e657a3f228f94,False,-1
868994d6-7eeb-4431-9346-27c7d2161948,4a34c787-bdd6-442f-978b-590a62b557f2,c18471dffd43840b,232c67a20cc00251,False,-1
6e475e61-089a-4ec6-ae09-669d5ec4e51f,4a34c787-bdd6-442f-978b-590a62b557f2,1694972a0b04b833,f812d5adc1d58f5a,False,-1
b581c1a6-5411-4090-9034-41faccbeeb3b,96d20b35-2b7d-4e89-bcbf-27c84aa35780,d4a6568137984373,62215058249b318e,False,-1
233f8308-dbed-4725-9ecf-e06764cf015b,675140ee-0253-4429-873d-17ab90b6837f,1bdd5acd19eb909a,a095c5d8674bafc5,False,-1
f0c9e667-7a2f-4f50-8a74-c472b10f25e0,28870073-fe65-44b5-b52a-6493dc0016fd,415973c6ad0792c7,37c13e07c9c83319,False,-1
76475a4a-0b0c-4da3-93aa-40f2e7f034c0,a0ed6ea0-9ca3-476e-9643-a23fb566d537,9fa32fdaba2d2d46,80088e9e4bf10009,False,-1
ddca57da-0261-4602-aa91-037c7431a8d3,44959ef3-b42f-4e6b-afd5-7a0a81317b14,8f8cfc4195d84421,4dc0dbdda915f42f,False,-1
d1b88f1b-ba44-463b-8bae-756af41b6e20,5a65738f-e1b8-43f7-8dea-0fcf02106715,81336ad91c1c857e,d645c8ab96983777,True,3
e0c6400f-42ff-4f38-bc04-6fbd8637539c,96d20b35-2b7d-4e89-bcbf-27c84aa35780,9231addbcc5ae90a,7ed184c8e9d0c7d6,False,-1
855c66b8-bc3f-4583-a832-134cd79782c2,5a65738f-e1b8-43f7-8dea-0fcf02106715,77dc1b43e22a86cd,80286538569b8169,False,-1
d655fbcb-ae01-41e7-8b06-05eb6f35c68f,a0ed6ea0-9ca3-476e-9643-a23fb566d537,509f8f26ad2cd715,d5bd57948798542e,False,-1
26adca49-a072-4db5-921b-b67b3cd12296,96d20b35-2b7d-4e89-bcbf-27c84aa35780,a40062c14a00bebc,e35f5776bae65df8,False,-1
7c0c0485-34c4-43d4-b88c-fa7701d62bfa,61b65438-9271-42d4-9bcd-586c8aa58357,517d7630419cac0f,dc69c0f59ab9ea71,False,-1
9b0ade52-f4a6-4c5d-a161-e8362eb2fe6a,61b65438-9271-42d4-9bcd-586c8aa58357,f131d683662da2d9,232efbbfb81f349a,False,-1
b5f9076c-5c1c-4553-9923-731f4359a53a,96d20b35-2b7d-4e89-bcbf-27c84aa35780,9df4bab4ed72b276,1837e2d8ec45b75d,False,-1
5069390a-94e0-4e94-9d1e-ee3943aaa67e,563e43fa-b8bc-45dc-8d60-a4c2093ddff5,d69597d15954858d,23962d4c8c504c35,False,-1
211a8eb5-45a5-4db8-b5c8-a9711fe29b4a,675140ee-0253-4429-873d-17ab90b6837f,13fcde8e0e841374,4212e39f4d87a679,False,-1
4f43c268-a51c-4528-8959-00bec08bb9bc,04795039-6bb2-4022-92c4-4eaceb902ec0,0592200c4760c5e3,36c7f74d13dc5f42,False,-1
bbd79d74-0ada-45c7-85d4-6d7ed395a3c1,563e43fa-b8bc-45dc-8d60-a4c2093ddff5,4aa4cbc3cdae6c64,8b825d106abaac49,False,-1
a7f7fc9e-8221-45e9-93d0-c42fc30f392e,5a65738f-e1b8-43f7-8dea-0fcf02106715,aa07e95d94d8fa7d,ce455cb81f794b16,False,-1
795c1356-b78b-4b50-8016-ae8c10fdbac3,5a65738f-e1b8-43f7-8dea-0fcf02106715,7100b32f16df787f,1eebd890db065951,False,-1
2a43528b-5e50-4282-aea7-85f942fc12d7,96d20b35-2b7d-4e89-bcbf-27c84aa35780,d8c76bf2bfff1c23,429feb9107934c58,False,-1
3e557669-c842-4ee4-9a93-e3aaec4f16e5,563e43fa-b8bc-45dc-8d60-a4c2093ddff5,b75466a6bb381a34,babb21f3c4203255,False,-1
2155fcee-cfe3-4aea-b81a-87bccb7abdce,5a65738f-e1b8-43f7-8dea-0fcf02106715,b1ea23fc1ec5a34e,fdd15a41b821ca88,False,-1
bbac6374-dba2-49e8-a977-5fd4f6b3a93c,44959ef3-b42f-4e6b-afd5-7a0a81317b14,592ae0e09040ceb4,b051fb5275bed4c7,False,-1
2e5639b6-8083-4f62-b5df-0a98c97726ae,28870073-fe65-44b5-b52a-6493dc0016fd,d4a96119e564b594,92aa6a826aac5b26,False,-1
33089f89-f2b8-4433-8100-7c677e549adb,28870073-fe65-44b5-b52a-6493dc0016fd,363c7653436f8f70,e0c69bf898d47b98,False,-1
